263
0 1
0 4
0 7
0 8
0 10
0 14
0 15
0 16
0 18
0 31
1 5
1 17
1 20
1 24
1 26
1 29
1 32
2 0
2 9
2 12
2 20
2 32
3 1
3 6
3 16
3 18
3 22
3 24
3 26
3 28
4 2
4 5
4 11
4 19
4 20
4 21
4 25
4 27
4 28
5 3
5 6
5 9
5 10
5 13
5 18
5 27
5 30
5 32
6 2
6 4
6 5
6 8
6 10
6 12
6 16
6 17
6 28
6 32
7 2
7 29
7 32
8 3
8 6
8 8
8 12
8 13
8 15
8 19
8 21
8 24
9 6
10 1
10 2
10 3
10 6
10 8
10 11
10 15
10 18
10 20
10 28
10 29
10 32
11 1
11 24
11 25
12 0
12 2
12 10
12 13
12 14
12 15
12 16
12 18
12 21
12 22
12 24
12 25
12 26
12 32
13 1
13 6
13 8
13 12
13 13
13 17
13 20
13 24
13 26
13 28
13 30
14 0
14 1
14 5
14 10
14 19
14 20
14 25
14 27
14 32
15 6
15 18
15 24
15 25
15 28
15 30
16 0
16 1
16 3
16 4
16 5
16 11
16 13
16 15
16 16
16 17
16 19
16 22
16 25
16 28
16 29
16 30
17 0
17 12
17 14
17 17
17 20
17 28
18 10
18 14
18 17
18 19
18 20
18 21
18 25
18 31
19 6
19 7
19 16
19 17
19 20
19 24
20 1
20 2
20 3
20 9
20 11
20 13
20 15
20 19
20 20
20 30
21 0
21 2
21 6
21 7
21 25
21 28
21 30
21 32
22 3
22 6
22 7
22 16
22 25
22 32
23 2
23 3
23 4
23 12
23 16
24 6
24 7
24 11
24 12
24 14
24 27
24 30
24 31
25 1
25 4
25 5
25 6
25 10
25 18
25 32
26 3
26 4
26 11
26 15
26 18
26 21
26 23
26 25
27 4
27 11
27 13
27 26
27 27
28 0
28 7
28 8
28 9
28 10
28 14
28 20
28 24
28 31
29 20
29 25
30 1
30 5
30 10
30 11
30 12
30 14
30 15
30 16
30 17
30 22
30 24
31 0
31 2
31 6
31 13
31 14
31 18
31 23
31 28
31 29
31 31
32 1
32 6
32 9
32 10
32 13
32 16
32 17
32 19
32 21
32 22
32 28
32 31
