1101,0,338920348844032,5000,1101,0,169460174422016,5001,1101,0,84730087211008,5002,1101,0,42365043605504,5003,1101,0,21182521802752,5004,1101,0,10591260901376,5005,1101,0,5295630450688,5006,1101,0,2647815225344,5007,1101,0,1323907612672,5008,1101,0,661953806336,5009,1101,0,330976903168,5010,1101,0,165488451584,5011,1101,0,82744225792,5012,1101,0,41372112896,5013,1101,0,20686056448,5014,1101,0,10343028224,5015,1101,0,5171514112,5016,1101,0,2585757056,5017,1101,0,1292878528,5018,1101,0,646439264,5019,1101,0,323219632,5020,1101,0,161609816,5021,1101,0,80804908,5022,1101,0,40402454,5023,1101,0,20201227,5024,1101,0,338920332066816,5100,1101,0,169460166033408,5101,1101,0,84730083016704,5102,1101,0,42365041508352,5103,1101,0,21182520754176,5104,1101,0,10591260377088,5105,1101,0,5295630188544,5106,1101,0,2647815094272,5107,1101,0,1323907547136,5108,1101,0,661953773568,5109,1101,0,330976886784,5110,1101,0,165488443392,5111,1101,0,82744221696,5112,1101,0,41372110848,5113,1101,0,20686055424,5114,1101,0,10343027712,5115,1101,0,5171513856,5116,1101,0,2585756928,5117,1101,0,1292878464,5118,1101,0,646439232,5119,1101,0,323219616,5120,1101,0,161609808,5121,1101,0,80804904,5122,1101,0,40402452,5123,1101,0,20201226,5124,1101,0,13519586,5200,1101,0,17275020,5201,1101,0,18094939,5202,1101,0,6287223,5203,1101,0,862904,5204,1101,0,13272234,5205,1101,0,12086278,5206,1101,0,1972288,5207,1101,0,16306912,5208,1101,0,5065873,5209,1101,0,12394425,5210,1101,0,7396781,5211,1101,0,15930079,5212,1101,0,1422779,5213,1101,0,6495296,5214,1101,0,10650039,5215,1101,0,14526858,5216,1101,0,13668463,5217,1101,0,16669039,5218,1101,0,17588834,5219,1101,0,13239263,5220,1101,0,5764801,5221,1101,0,2401,5222,1101,0,49,5223,1101,0,7,5224,1101,0,16777216,5300,1101,0,8388608,5301,1101,0,4194304,5302,1101,0,2097152,5303,1101,0,1048576,5304,1101,0,524288,5305,1101,0,262144,5306,1101,0,131072,5307,1101,0,65536,5308,1101,0,32768,5309,1101,0,16384,5310,1101,0,8192,5311,1101,0,4096,5312,1101,0,2048,5313,1101,0,1024,5314,1101,0,512,5315,1101,0,256,5316,1101,0,128,5317,1101,0,64,5318,1101,0,32,5319,1101,0,16,5320,1101,0,8,5321,1101,0,4,5322,1101,0,2,5323,1101,0,1,5324,1101,0,7,4005,1101,0,1,4006,1007,4006,4495,4012,1006,4012,471,101,10000,4005,422,101,0,4006,913286,102,7,4005,4005,1101,0,5022,440,1007,440,5025,4012,1006,4012,464,101,0,5025,4011,7,4005,4011,4012,1005,4012,457,102,-1,4011,4011,1,4005,4011,4005,101,1,440,440,1105,1,431,101,1,4006,4006,1105,1,408,3,4001,3,4002,1101,0,1,4003,1101,0,1,4004,1101,0,0,4006,1007,4006,4495,4012,1006,4012,684,1006,4003,582,1008,4001,1,4012,1006,4012,515,102,4495,4006,4008,1101,0,0,4003,1105,1,582,101,10000,4001,520,1001,13785814,0,4011,1006,4011,541,102,4495,4006,4008,1,4008,4011,4008,1101,0,0,4003,1105,1,582,102,680915,4001,4001,1101,0,5005,558,1007,558,5025,4012,1006,4012,582,101,0,5025,4011,7,4001,4011,4012,1005,4012,575,102,-1,4011,4011,1,4001,4011,4001,101,1,558,558,1105,1,549,1006,4004,670,1008,4002,1,4012,1006,4012,603,102,4495,4006,4009,1101,0,0,4004,1105,1,670,101,10000,4002,608,1001,811085,0,4011,1006,4011,629,102,4495,4006,4009,1,4009,4011,4009,1101,0,0,4004,1105,1,670,102,680915,4002,4002,1101,0,5005,646,1007,646,5025,4012,1006,4012,670,101,0,5025,4011,7,4002,4011,4012,1005,4012,663,102,-1,4011,4011,1,4002,4011,4002,101,1,646,646,1105,1,637,2,4008,4009,4012,1005,4012,684,101,1,4006,4006,1105,1,487,2,4008,4009,4013,1101,0,5100,701,1007,701,5125,4012,1006,4012,725,101,0,5125,4011,7,4013,4011,4012,1005,4012,718,102,-1,4011,4011,1,4013,4011,4013,101,1,701,701,1105,1,692,1101,0,1,4014,1101,0,0,4006,1007,4006,25,4012,1006,4012,815,101,5300,4006,746,101,0,5302,4011,7,4013,4011,4012,1005,4012,808,102,-1,4011,4011,1,4013,4011,4013,101,5200,4006,769,2,4014,5202,4014,1101,0,5000,784,1007,784,5025,4012,1006,4012,808,101,0,5001,4011,7,4014,4011,4012,1005,4012,801,102,-1,4011,4011,1,4014,4011,4014,101,1,784,784,1105,1,775,101,1,4006,4006,1105,1,733,4,4014,0
0,13775814,801085,0,0,6323002,2,0,17167199,19814867,0,169460174422016,1,2902287,18094939

1568779,786,7 4014 4011 4012,4012 1
1568780,790,1005 4012 801
1568781,801,101 1 784 784,784 5002
1568782,805,1105 1 775
1568783,775,1007 784 5025 4012,4012 1
1568784,779,1006 4012 808
1568785,782,101 0 5002 4011,4011 84730087211008
1568786,786,7 4014 4011 4012,4012 1
1568787,790,1005 4012 801
1568788,801,101 1 784 784,784 5003
1568789,805,1105 1 775
1568790,775,1007 784 5025 4012,4012 1
1568791,779,1006 4012 808
1568792,782,101 0 5003 4011,4011 42365043605504
1568793,786,7 4014 4011 4012,4012 1
1568794,790,1005 4012 801
1568795,801,101 1 784 784,784 5004
1568796,805,1105 1 775
1568797,775,1007 784 5025 4012,4012 1
1568798,779,1006 4012 808
1568799,782,101 0 5004 4011,4011 21182521802752
1568800,786,7 4014 4011 4012,4012 1
1568801,790,1005 4012 801
1568802,801,101 1 784 784,784 5005
1568803,805,1105 1 775
1568804,775,1007 784 5025 4012,4012 1
1568805,779,1006 4012 808
1568806,782,101 0 5005 4011,4011 10591260901376
1568807,786,7 4014 4011 4012,4012 1
1568808,790,1005 4012 801
1568809,801,101 1 784 784,784 5006
1568810,805,1105 1 775
1568811,775,1007 784 5025 4012,4012 1
1568812,779,1006 4012 808
1568813,782,101 0 5006 4011,4011 5295630450688
1568814,786,7 4014 4011 4012,4012 1
1568815,790,1005 4012 801
1568816,801,101 1 784 784,784 5007
1568817,805,1105 1 775
1568818,775,1007 784 5025 4012,4012 1
1568819,779,1006 4012 808
1568820,782,101 0 5007 4011,4011 2647815225344
1568821,786,7 4014 4011 4012,4012 1
1568822,790,1005 4012 801
1568823,801,101 1 784 784,784 5008
1568824,805,1105 1 775
1568825,775,1007 784 5025 4012,4012 1
1568826,779,1006 4012 808
1568827,782,101 0 5008 4011,4011 1323907612672
1568828,786,7 4014 4011 4012,4012 1
1568829,790,1005 4012 801
1568830,801,101 1 784 784,784 5009
1568831,805,1105 1 775
1568832,775,1007 784 5025 4012,4012 1
1568833,779,1006 4012 808
1568834,782,101 0 5009 4011,4011 661953806336
1568835,786,7 4014 4011 4012,4012 1
1568836,790,1005 4012 801
1568837,801,101 1 784 784,784 5010
1568838,805,1105 1 775
1568839,775,1007 784 5025 4012,4012 1
1568840,779,1006 4012 808
1568841,782,101 0 5010 4011,4011 330976903168
1568842,786,7 4014 4011 4012,4012 1
1568843,790,1005 4012 801
1568844,801,101 1 784 784,784 5011
1568845,805,1105 1 775
1568846,775,1007 784 5025 4012,4012 1
1568847,779,1006 4012 808
1568848,782,101 0 5011 4011,4011 165488451584
1568849,786,7 4014 4011 4012,4012 1
1568850,790,1005 4012 801
1568851,801,101 1 784 784,784 5012
1568852,805,1105 1 775
1568853,775,1007 784 5025 4012,4012 1
1568854,779,1006 4012 808
1568855,782,101 0 5012 4011,4011 82744225792
1568856,786,7 4014 4011 4012,4012 1
1568857,790,1005 4012 801
1568858,801,101 1 784 784,784 5013
1568859,805,1105 1 775
1568860,775,1007 784 5025 4012,4012 1
1568861,779,1006 4012 808
1568862,782,101 0 5013 4011,4011 41372112896
1568863,786,7 4014 4011 4012,4012 1
1568864,790,1005 4012 801
1568865,801,101 1 784 784,784 5014
1568866,805,1105 1 775
1568867,775,1007 784 5025 4012,4012 1
1568868,779,1006 4012 808
1568869,782,101 0 5014 4011,4011 20686056448
1568870,786,7 4014 4011 4012,4012 1
1568871,790,1005 4012 801
1568872,801,101 1 784 784,784 5015
1568873,805,1105 1 775
1568874,775,1007 784 5025 4012,4012 1
1568875,779,1006 4012 808
1568876,782,101 0 5015 4011,4011 10343028224
1568877,786,7 4014 4011 4012,4012 1
1568878,790,1005 4012 801
1568879,801,101 1 784 784,784 5016
1568880,805,1105 1 775
1568881,775,1007 784 5025 4012,4012 1
1568882,779,1006 4012 808
1568883,782,101 0 5016 4011,4011 5171514112
1568884,786,7 4014 4011 4012,4012 1
1568885,790,1005 4012 801
1568886,801,101 1 784 784,784 5017
1568887,805,1105 1 775
1568888,775,1007 784 5025 4012,4012 1
1568889,779,1006 4012 808
1568890,782,101 0 5017 4011,4011 2585757056
1568891,786,7 4014 4011 4012,4012 1
1568892,790,1005 4012 801
1568893,801,101 1 784 784,784 5018
1568894,805,1105 1 775
1568895,775,1007 784 5025 4012,4012 1
1568896,779,1006 4012 808
1568897,782,101 0 5018 4011,4011 1292878528
1568898,786,7 4014 4011 4012,4012 1
1568899,790,1005 4012 801
1568900,801,101 1 784 784,784 5019
1568901,805,1105 1 775
1568902,775,1007 784 5025 4012,4012 1
1568903,779,1006 4012 808
1568904,782,101 0 5019 4011,4011 646439264
1568905,786,7 4014 4011 4012,4012 1
1568906,790,1005 4012 801
1568907,801,101 1 784 784,784 5020
1568908,805,1105 1 775
1568909,775,1007 784 5025 4012,4012 1
1568910,779,1006 4012 808
1568911,782,101 0 5020 4011,4011 323219632
1568912,786,7 4014 4011 4012,4012 1
1568913,790,1005 4012 801
1568914,801,101 1 784 784,784 5021
1568915,805,1105 1 775
1568916,775,1007 784 5025 4012,4012 1
1568917,779,1006 4012 808
1568918,782,101 0 5021 4011,4011 161609816
1568919,786,7 4014 4011 4012,4012 1
1568920,790,1005 4012 801
1568921,801,101 1 784 784,784 5022
1568922,805,1105 1 775
1568923,775,1007 784 5025 4012,4012 1
1568924,779,1006 4012 808
1568925,782,101 0 5022 4011,4011 80804908
1568926,786,7 4014 4011 4012,4012 1
1568927,790,1005 4012 801
1568928,801,101 1 784 784,784 5023
1568929,805,1105 1 775
1568930,775,1007 784 5025 4012,4012 1
1568931,779,1006 4012 808
1568932,782,101 0 5023 4011,4011 40402454
1568933,786,7 4014 4011 4012,4012 1
1568934,790,1005 4012 801
1568935,801,101 1 784 784,784 5024
1568936,805,1105 1 775
1568937,775,1007 784 5025 4012,4012 1
1568938,779,1006 4012 808
1568939,782,101 0 5024 4011,4011 20201227
1568940,786,7 4014 4011 4012,4012 1
1568941,790,1005 4012 801
1568942,801,101 1 784 784,784 5025
1568943,805,1105 1 775
1568944,775,1007 784 5025 4012,4012 0
1568945,779,1006 4012 808
1568946,808,101 1 4006 4006,4006 3
1568947,812,1105 1 733
1568948,733,1007 4006 25 4012,4012 1
1568949,737,1006 4012 815
1568950,740,101 5300 4006 746,746 5303
1568951,744,101 0 5303 4011,4011 2097152
1568952,748,7 4013 4011 4012,4012 0
1568953,752,1005 4012 808
1568954,755,102 -1 4011 4011,4011 -2097152
1568955,759,1 4013 4011 4013,4013 805135
1568956,763,101 5200 4006 769,769 5203
1568957,767,2 4014 5203 4014,4014 113766916664397
1568958,771,1101 0 5000 784,784 5000
1568959,775,1007 784 5025 4012,4012 1
1568960,779,1006 4012 808
1568961,782,101 0 5000 4011,4011 338920348844032
1568962,786,7 4014 4011 4012,4012 1
1568963,790,1005 4012 801
1568964,801,101 1 784 784,784 5001
1568965,805,1105 1 775
1568966,775,1007 784 5025 4012,4012 1
1568967,779,1006 4012 808
1568968,782,101 0 5001 4011,4011 169460174422016
1568969,786,7 4014 4011 4012,4012 1
1568970,790,1005 4012 801
1568971,801,101 1 784 784,784 5002
1568972,805,1105 1 775
1568973,775,1007 784 5025 4012,4012 1
1568974,779,1006 4012 808
1568975,782,101 0 5002 4011,4011 84730087211008
1568976,786,7 4014 4011 4012,4012 0
1568977,790,1005 4012 801
1568978,793,102 -1 4011 4011,4011 -84730087211008
1568979,797,1 4014 4011 4014,4014 29036829453389
1568980,801,101 1 784 784,784 5003
1568981,805,1105 1 775
1568982,775,1007 784 5025 4012,4012 1
1568983,779,1006 4012 808
1568984,782,101 0 5003 4011,4011 42365043605504
1568985,786,7 4014 4011 4012,4012 1
1568986,790,1005 4012 801
1568987,801,101 1 784 784,784 5004
1568988,805,1105 1 775
1568989,775,1007 784 5025 4012,4012 1
1568990,779,1006 4012 808
1568991,782,101 0 5004 4011,4011 21182521802752
1568992,786,7 4014 4011 4012,4012 0
1568993,790,1005 4012 801
1568994,793,102 -1 4011 4011,4011 -21182521802752
1568995,797,1 4014 4011 4014,4014 7854307650637
1568996,801,101 1 784 784,784 5005
1568997,805,1105 1 775
1568998,775,1007 784 5025 4012,4012 1
1568999,779,1006 4012 808
1569000,782,101 0 5005 4011,4011 10591260901376
1569001,786,7 4014 4011 4012,4012 1
1569002,790,1005 4012 801
1569003,801,101 1 784 784,784 5006
1569004,805,1105 1 775
1569005,775,1007 784 5025 4012,4012 1
1569006,779,1006 4012 808
1569007,782,101 0 5006 4011,4011 5295630450688
1569008,786,7 4014 4011 4012,4012 0
1569009,790,1005 4012 801
1569010,793,102 -1 4011 4011,4011 -5295630450688
1569011,797,1 4014 4011 4014,4014 2558677199949
1569012,801,101 1 784 784,784 5007
1569013,805,1105 1 775
1569014,775,1007 784 5025 4012,4012 1
1569015,779,1006 4012 808
1569016,782,101 0 5007 4011,4011 2647815225344
1569017,786,7 4014 4011 4012,4012 1
1569018,790,1005 4012 801
1569019,801,101 1 784 784,784 5008
1569020,805,1105 1 775
1569021,775,1007 784 5025 4012,4012 1
1569022,779,1006 4012 808
1569023,782,101 0 5008 4011,4011 1323907612672
1569024,786,7 4014 4011 4012,4012 0
1569025,790,1005 4012 801
1569026,793,102 -1 4011 4011,4011 -1323907612672
1569027,797,1 4014 4011 4014,4014 1234769587277
1569028,801,101 1 784 784,784 5009
1569029,805,1105 1 775
1569030,775,1007 784 5025 4012,4012 1
1569031,779,1006 4012 808
1569032,782,101 0 5009 4011,4011 661953806336
1569033,786,7 4014 4011 4012,4012 0
1569034,790,1005 4012 801
1569035,793,102 -1 4011 4011,4011 -661953806336
1569036,797,1 4014 4011 4014,4014 572815780941
1569037,801,101 1 784 784,784 5010
1569038,805,1105 1 775
1569039,775,1007 784 5025 4012,4012 1
1569040,779,1006 4012 808
1569041,782,101 0 5010 4011,4011 330976903168
1569042,786,7 4014 4011 4012,4012 0
1569043,790,1005 4012 801
1569044,793,102 -1 4011 4011,4011 -330976903168
1569045,797,1 4014 4011 4014,4014 241838877773
1569046,801,101 1 784 784,784 5011
1569047,805,1105 1 775
1569048,775,1007 784 5025 4012,4012 1
1569049,779,1006 4012 808
1569050,782,101 0 5011 4011,4011 165488451584
1569051,786,7 4014 4011 4012,4012 0
1569052,790,1005 4012 801
1569053,793,102 -1 4011 4011,4011 -165488451584
1569054,797,1 4014 4011 4014,4014 76350426189
1569055,801,101 1 784 784,784 5012
1569056,805,1105 1 775
1569057,775,1007 784 5025 4012,4012 1
1569058,779,1006 4012 808
1569059,782,101 0 5012 4011,4011 82744225792
1569060,786,7 4014 4011 4012,4012 1
1569061,790,1005 4012 801
1569062,801,101 1 784 784,784 5013
1569063,805,1105 1 775
1569064,775,1007 784 5025 4012,4012 1
1569065,779,1006 4012 808
1569066,782,101 0 5013 4011,4011 41372112896
1569067,786,7 4014 4011 4012,4012 0
1569068,790,1005 4012 801
1569069,793,102 -1 4011 4011,4011 -41372112896
1569070,797,1 4014 4011 4014,4014 34978313293
1569071,801,101 1 784 784,784 5014
1569072,805,1105 1 775
1569073,775,1007 784 5025 4012,4012 1
1569074,779,1006 4012 808
1569075,782,101 0 5014 4011,4011 20686056448
1569076,786,7 4014 4011 4012,4012 0
1569077,790,1005 4012 801
1569078,793,102 -1 4011 4011,4011 -20686056448
1569079,797,1 4014 4011 4014,4014 14292256845
1569080,801,101 1 784 784,784 5015
1569081,805,1105 1 775
1569082,775,1007 784 5025 4012,4012 1
1569083,779,1006 4012 808
1569084,782,101 0 5015 4011,4011 10343028224
1569085,786,7 4014 4011 4012,4012 0
1569086,790,1005 4012 801
1569087,793,102 -1 4011 4011,4011 -10343028224
1569088,797,1 4014 4011 4014,4014 3949228621
1569089,801,101 1 784 784,784 5016
1569090,805,1105 1 775
1569091,775,1007 784 5025 4012,4012 1
1569092,779,1006 4012 808
1569093,782,101 0 5016 4011,4011 5171514112
1569094,786,7 4014 4011 4012,4012 1
1569095,790,1005 4012 801
1569096,801,101 1 784 784,784 5017
1569097,805,1105 1 775
1569098,775,1007 784 5025 4012,4012 1
1569099,779,1006 4012 808
1569100,782,101 0 5017 4011,4011 2585757056
1569101,786,7 4014 4011 4012,4012 0
1569102,790,1005 4012 801
1569103,793,102 -1 4011 4011,4011 -2585757056
1569104,797,1 4014 4011 4014,4014 1363471565
1569105,801,101 1 784 784,784 5018
1569106,805,1105 1 775
1569107,775,1007 784 5025 4012,4012 1
1569108,779,1006 4012 808
1569109,782,101 0 5018 4011,4011 1292878528
1569110,786,7 4014 4011 4012,4012 0
1569111,790,1005 4012 801
1569112,793,102 -1 4011 4011,4011 -1292878528
1569113,797,1 4014 4011 4014,4014 70593037
1569114,801,101 1 784 784,784 5019
1569115,805,1105 1 775
1569116,775,1007 784 5025 4012,4012 1
1569117,779,1006 4012 808
1569118,782,101 0 5019 4011,4011 646439264
1569119,786,7 4014 4011 4012,4012 1
1569120,790,1005 4012 801
1569121,801,101 1 784 784,784 5020
1569122,805,1105 1 775
1569123,775,1007 784 5025 4012,4012 1
1569124,779,1006 4012 808
1569125,782,101 0 5020 4011,4011 323219632
1569126,786,7 4014 4011 4012,4012 1
1569127,790,1005 4012 801
1569128,801,101 1 784 784,784 5021
1569129,805,1105 1 775
1569130,775,1007 784 5025 4012,4012 1
1569131,779,1006 4012 808
1569132,782,101 0 5021 4011,4011 161609816
1569133,786,7 4014 4011 4012,4012 1
1569134,790,1005 4012 801
1569135,801,101 1 784 784,784 5022
1569136,805,1105 1 775
1569137,775,1007 784 5025 4012,4012 1
1569138,779,1006 4012 808
1569139,782,101 0 5022 4011,4011 80804908
1569140,786,7 4014 4011 4012,4012 1
1569141,790,1005 4012 801
1569142,801,101 1 784 784,784 5023
1569143,805,1105 1 775
1569144,775,1007 784 5025 4012,4012 1
1569145,779,1006 4012 808
1569146,782,101 0 5023 4011,4011 40402454
1569147,786,7 4014 4011 4012,4012 0
1569148,790,1005 4012 801
1569149,793,102 -1 4011 4011,4011 -40402454
1569150,797,1 4014 4011 4014,4014 30190583
1569151,801,101 1 784 784,784 5024
1569152,805,1105 1 775
1569153,775,1007 784 5025 4012,4012 1
1569154,779,1006 4012 808
1569155,782,101 0 5024 4011,4011 20201227
1569156,786,7 4014 4011 4012,4012 0
1569157,790,1005 4012 801
1569158,793,102 -1 4011 4011,4011 -20201227
1569159,797,1 4014 4011 4014,4014 9989356
1569160,801,101 1 784 784,784 5025
1569161,805,1105 1 775
1569162,775,1007 784 5025 4012,4012 0
1569163,779,1006 4012 808
1569164,808,101 1 4006 4006,4006 4
1569165,812,1105 1 733
1569166,733,1007 4006 25 4012,4012 1
1569167,737,1006 4012 815
1569168,740,101 5300 4006 746,746 5304
1569169,744,101 0 5304 4011,4011 1048576
1569170,748,7 4013 4011 4012,4012 1
1569171,752,1005 4012 808
1569172,808,101 1 4006 4006,4006 5
1569173,812,1105 1 733
1569174,733,1007 4006 25 4012,4012 1
1569175,737,1006 4012 815
1569176,740,101 5300 4006 746,746 5305
1569177,744,101 0 5305 4011,4011 524288
1569178,748,7 4013 4011 4012,4012 0
1569179,752,1005 4012 808
1569180,755,102 -1 4011 4011,4011 -524288
1569181,759,1 4013 4011 4013,4013 280847
1569182,763,101 5200 4006 769,769 5205
1569183,767,2 4014 5205 4014,4014 132581070341304
1569184,771,1101 0 5000 784,784 5000
1569185,775,1007 784 5025 4012,4012 1
1569186,779,1006 4012 808
1569187,782,101 0 5000 4011,4011 338920348844032
1569188,786,7 4014 4011 4012,4012 1
1569189,790,1005 4012 801
1569190,801,101 1 784 784,784 5001
1569191,805,1105 1 775
1569192,775,1007 784 5025 4012,4012 1
1569193,779,1006 4012 808
1569194,782,101 0 5001 4011,4011 169460174422016
1569195,786,7 4014 4011 4012,4012 1
1569196,790,1005 4012 801
1569197,801,101 1 784 784,784 5002
1569198,805,1105 1 775
1569199,775,1007 784 5025 4012,4012 1
1569200,779,1006 4012 808
1569201,782,101 0 5002 4011,4011 84730087211008
1569202,786,7 4014 4011 4012,4012 0
1569203,790,1005 4012 801
1569204,793,102 -1 4011 4011,4011 -84730087211008
1569205,797,1 4014 4011 4014,4014 47850983130296
1569206,801,101 1 784 784,784 5003
1569207,805,1105 1 775
1569208,775,1007 784 5025 4012,4012 1
1569209,779,1006 4012 808
1569210,782,101 0 5003 4011,4011 42365043605504
1569211,786,7 4014 4011 4012,4012 0
1569212,790,1005 4012 801
1569213,793,102 -1 4011 4011,4011 -42365043605504
1569214,797,1 4014 4011 4014,4014 5485939524792
1569215,801,101 1 784 784,784 5004
1569216,805,1105 1 775
1569217,775,1007 784 5025 4012,4012 1
1569218,779,1006 4012 808
1569219,782,101 0 5004 4011,4011 21182521802752
1569220,786,7 4014 4011 4012,4012 1
1569221,790,1005 4012 801
1569222,801,101 1 784 784,784 5005
1569223,805,1105 1 775
1569224,775,1007 784 5025 4012,4012 1
1569225,779,1006 4012 808
1569226,782,101 0 5005 4011,4011 10591260901376
1569227,786,7 4014 4011 4012,4012 1
1569228,790,1005 4012 801
1569229,801,101 1 784 784,784 5006
1569230,805,1105 1 775
1569231,775,1007 784 5025 4012,4012 1
1569232,779,1006 4012 808
1569233,782,101 0 5006 4011,4011 5295630450688
1569234,786,7 4014 4011 4012,4012 0
1569235,790,1005 4012 801
1569236,793,102 -1 4011 4011,4011 -5295630450688
1569237,797,1 4014 4011 4014,4014 190309074104
1569238,801,101 1 784 784,784 5007
1569239,805,1105 1 775
1569240,775,1007 784 5025 4012,4012 1
1569241,779,1006 4012 808
1569242,782,101 0 5007 4011,4011 2647815225344
1569243,786,7 4014 4011 4012,4012 1
1569244,790,1005 4012 801
1569245,801,101 1 784 784,784 5008
1569246,805,1105 1 775
1569247,775,1007 784 5025 4012,4012 1
1569248,779,1006 4012 808
1569249,782,101 0 5008 4011,4011 1323907612672
1569250,786,7 4014 4011 4012,4012 1
1569251,790,1005 4012 801
1569252,801,101 1 784 784,784 5009
1569253,805,1105 1 775
1569254,775,1007 784 5025 4012,4012 1
1569255,779,1006 4012 808
1569256,782,101 0 5009 4011,4011 661953806336
1569257,786,7 4014 4011 4012,4012 1
1569258,790,1005 4012 801
1569259,801,101 1 784 784,784 5010
1569260,805,1105 1 775
1569261,775,1007 784 5025 4012,4012 1
1569262,779,1006 4012 808
1569263,782,101 0 5010 4011,4011 330976903168
1569264,786,7 4014 4011 4012,4012 1
1569265,790,1005 4012 801
1569266,801,101 1 784 784,784 5011
1569267,805,1105 1 775
1569268,775,1007 784 5025 4012,4012 1
1569269,779,1006 4012 808
1569270,782,101 0 5011 4011,4011 165488451584
1569271,786,7 4014 4011 4012,4012 0
1569272,790,1005 4012 801
1569273,793,102 -1 4011 4011,4011 -165488451584
1569274,797,1 4014 4011 4014,4014 24820622520
1569275,801,101 1 784 784,784 5012
1569276,805,1105 1 775
1569277,775,1007 784 5025 4012,4012 1
1569278,779,1006 4012 808
1569279,782,101 0 5012 4011,4011 82744225792
1569280,786,7 4014 4011 4012,4012 1
1569281,790,1005 4012 801
1569282,801,101 1 784 784,784 5013
1569283,805,1105 1 775
1569284,775,1007 784 5025 4012,4012 1
1569285,779,1006 4012 808
1569286,782,101 0 5013 4011,4011 41372112896
1569287,786,7 4014 4011 4012,4012 1
1569288,790,1005 4012 801
1569289,801,101 1 784 784,784 5014
1569290,805,1105 1 775
1569291,775,1007 784 5025 4012,4012 1
1569292,779,1006 4012 808
1569293,782,101 0 5014 4011,4011 20686056448
1569294,786,7 4014 4011 4012,4012 0
1569295,790,1005 4012 801
1569296,793,102 -1 4011 4011,4011 -20686056448
1569297,797,1 4014 4011 4014,4014 4134566072
1569298,801,101 1 784 784,784 5015
1569299,805,1105 1 775
1569300,775,1007 784 5025 4012,4012 1
1569301,779,1006 4012 808
1569302,782,101 0 5015 4011,4011 10343028224
1569303,786,7 4014 4011 4012,4012 1
1569304,790,1005 4012 801
1569305,801,101 1 784 784,784 5016
1569306,805,1105 1 775
1569307,775,1007 784 5025 4012,4012 1
1569308,779,1006 4012 808
1569309,782,101 0 5016 4011,4011 5171514112
1569310,786,7 4014 4011 4012,4012 1
1569311,790,1005 4012 801
1569312,801,101 1 784 784,784 5017
1569313,805,1105 1 775
1569314,775,1007 784 5025 4012,4012 1
1569315,779,1006 4012 808
1569316,782,101 0 5017 4011,4011 2585757056
1569317,786,7 4014 4011 4012,4012 0
1569318,790,1005 4012 801
1569319,793,102 -1 4011 4011,4011 -2585757056
1569320,797,1 4014 4011 4014,4014 1548809016
1569321,801,101 1 784 784,784 5018
1569322,805,1105 1 775
1569323,775,1007 784 5025 4012,4012 1
1569324,779,1006 4012 808
1569325,782,101 0 5018 4011,4011 1292878528
1569326,786,7 4014 4011 4012,4012 0
1569327,790,1005 4012 801
1569328,793,102 -1 4011 4011,4011 -1292878528
1569329,797,1 4014 4011 4014,4014 255930488
1569330,801,101 1 784 784,784 5019
1569331,805,1105 1 775
1569332,775,1007 784 5025 4012,4012 1
1569333,779,1006 4012 808
1569334,782,101 0 5019 4011,4011 646439264
1569335,786,7 4014 4011 4012,4012 1
1569336,790,1005 4012 801
1569337,801,101 1 784 784,784 5020
1569338,805,1105 1 775
1569339,775,1007 784 5025 4012,4012 1
1569340,779,1006 4012 808
1569341,782,101 0 5020 4011,4011 323219632
1569342,786,7 4014 4011 4012,4012 1
1569343,790,1005 4012 801
1569344,801,101 1 784 784,784 5021
1569345,805,1105 1 775
1569346,775,1007 784 5025 4012,4012 1
1569347,779,1006 4012 808
1569348,782,101 0 5021 4011,4011 161609816
1569349,786,7 4014 4011 4012,4012 0
1569350,790,1005 4012 801
1569351,793,102 -1 4011 4011,4011 -161609816
1569352,797,1 4014 4011 4014,4014 94320672
1569353,801,101 1 784 784,784 5022
1569354,805,1105 1 775
1569355,775,1007 784 5025 4012,4012 1
1569356,779,1006 4012 808
1569357,782,101 0 5022 4011,4011 80804908
1569358,786,7 4014 4011 4012,4012 0
1569359,790,1005 4012 801
1569360,793,102 -1 4011 4011,4011 -80804908
1569361,797,1 4014 4011 4014,4014 13515764
1569362,801,101 1 784 784,784 5023
1569363,805,1105 1 775
1569364,775,1007 784 5025 4012,4012 1
1569365,779,1006 4012 808
1569366,782,101 0 5023 4011,4011 40402454
1569367,786,7 4014 4011 4012,4012 1
1569368,790,1005 4012 801
1569369,801,101 1 784 784,784 5024
1569370,805,1105 1 775
1569371,775,1007 784 5025 4012,4012 1
1569372,779,1006 4012 808
1569373,782,101 0 5024 4011,4011 20201227
1569374,786,7 4014 4011 4012,4012 1
1569375,790,1005 4012 801
1569376,801,101 1 784 784,784 5025
1569377,805,1105 1 775
1569378,775,1007 784 5025 4012,4012 0
1569379,779,1006 4012 808
1569380,808,101 1 4006 4006,4006 6
1569381,812,1105 1 733
1569382,733,1007 4006 25 4012,4012 1
1569383,737,1006 4012 815
1569384,740,101 5300 4006 746,746 5306
1569385,744,101 0 5306 4011,4011 262144
1569386,748,7 4013 4011 4012,4012 0
1569387,752,1005 4012 808
1569388,755,102 -1 4011 4011,4011 -262144
1569389,759,1 4013 4011 4013,4013 18703
1569390,763,101 5200 4006 769,769 5206
1569391,767,2 4014 5206 4014,4014 163355281086392
1569392,771,1101 0 5000 784,784 5000
1569393,775,1007 784 5025 4012,4012 1
1569394,779,1006 4012 808
1569395,782,101 0 5000 4011,4011 338920348844032
1569396,786,7 4014 4011 4012,4012 1
1569397,790,1005 4012 801
1569398,801,101 1 784 784,784 5001
1569399,805,1105 1 775
1569400,775,1007 784 5025 4012,4012 1
1569401,779,1006 4012 808
1569402,782,101 0 5001 4011,4011 169460174422016
1569403,786,7 4014 4011 4012,4012 1
1569404,790,1005 4012 801
1569405,801,101 1 784 784,784 5002
1569406,805,1105 1 775
1569407,775,1007 784 5025 4012,4012 1
1569408,779,1006 4012 808
1569409,782,101 0 5002 4011,4011 84730087211008
1569410,786,7 4014 4011 4012,4012 0
1569411,790,1005 4012 801
1569412,793,102 -1 4011 4011,4011 -84730087211008
1569413,797,1 4014 4011 4014,4014 78625193875384
1569414,801,101 1 784 784,784 5003
1569415,805,1105 1 775
1569416,775,1007 784 5025 4012,4012 1
1569417,779,1006 4012 808
1569418,782,101 0 5003 4011,4011 42365043605504
1569419,786,7 4014 4011 4012,4012 0
1569420,790,1005 4012 801
1569421,793,102 -1 4011 4011,4011 -42365043605504
1569422,797,1 4014 4011 4014,4014 36260150269880
1569423,801,101 1 784 784,784 5004
1569424,805,1105 1 775
1569425,775,1007 784 5025 4012,4012 1
1569426,779,1006 4012 808
1569427,782,101 0 5004 4011,4011 21182521802752
1569428,786,7 4014 4011 4012,4012 0
1569429,790,1005 4012 801
1569430,793,102 -1 4011 4011,4011 -21182521802752
1569431,797,1 4014 4011 4014,4014 15077628467128
1569432,801,101 1 784 784,784 5005
1569433,805,1105 1 775
1569434,775,1007 784 5025 4012,4012 1
1569435,779,1006 4012 808
1569436,782,101 0 5005 4011,4011 10591260901376
1569437,786,7 4014 4011 4012,4012 0
1569438,790,1005 4012 801
1569439,793,102 -1 4011 4011,4011 -10591260901376
1569440,797,1 4014 4011 4014,4014 4486367565752
1569441,801,101 1 784 784,784 5006
1569442,805,1105 1 775
1569443,775,1007 784 5025 4012,4012 1
1569444,779,1006 4012 808
1569445,782,101 0 5006 4011,4011 5295630450688
1569446,786,7 4014 4011 4012,4012 1
1569447,790,1005 4012 801
1569448,801,101 1 784 784,784 5007
1569449,805,1105 1 775
1569450,775,1007 784 5025 4012,4012 1
1569451,779,1006 4012 808
1569452,782,101 0 5007 4011,4011 2647815225344
1569453,786,7 4014 4011 4012,4012 0
1569454,790,1005 4012 801
1569455,793,102 -1 4011 4011,4011 -2647815225344
1569456,797,1 4014 4011 4014,4014 1838552340408
1569457,801,101 1 784 784,784 5008
1569458,805,1105 1 775
1569459,775,1007 784 5025 4012,4012 1
1569460,779,1006 4012 808
1569461,782,101 0 5008 4011,4011 1323907612672
1569462,786,7 4014 4011 4012,4012 0
1569463,790,1005 4012 801
1569464,793,102 -1 4011 4011,4011 -1323907612672
1569465,797,1 4014 4011 4014,4014 514644727736
1569466,801,101 1 784 784,784 5009
1569467,805,1105 1 775
1569468,775,1007 784 5025 4012,4012 1
1569469,779,1006 4012 808
1569470,782,101 0 5009 4011,4011 661953806336
1569471,786,7 4014 4011 4012,4012 1
1569472,790,1005 4012 801
1569473,801,101 1 784 784,784 5010
1569474,805,1105 1 775
1569475,775,1007 784 5025 4012,4012 1
1569476,779,1006 4012 808
1569477,782,101 0 5010 4011,4011 330976903168
1569478,786,7 4014 4011 4012,4012 0
1569479,790,1005 4012 801
1569480,793,102 -1 4011 4011,4011 -330976903168
1569481,797,1 4014 4011 4014,4014 183667824568
1569482,801,101 1 784 784,784 5011
1569483,805,1105 1 775
1569484,775,1007 784 5025 4012,4012 1
1569485,779,1006 4012 808
1569486,782,101 0 5011 4011,4011 165488451584
1569487,786,7 4014 4011 4012,4012 0
1569488,790,1005 4012 801
1569489,793,102 -1 4011 4011,4011 -165488451584
1569490,797,1 4014 4011 4014,4014 18179372984
1569491,801,101 1 784 784,784 5012
1569492,805,1105 1 775
1569493,775,1007 784 5025 4012,4012 1
1569494,779,1006 4012 808
1569495,782,101 0 5012 4011,4011 82744225792
1569496,786,7 4014 4011 4012,4012 1
1569497,790,1005 4012 801
1569498,801,101 1 784 784,784 5013
1569499,805,1105 1 775
1569500,775,1007 784 5025 4012,4012 1
1569501,779,1006 4012 808
1569502,782,101 0 5013 4011,4011 41372112896
1569503,786,7 4014 4011 4012,4012 1
1569504,790,1005 4012 801
1569505,801,101 1 784 784,784 5014
1569506,805,1105 1 775
1569507,775,1007 784 5025 4012,4012 1
1569508,779,1006 4012 808
1569509,782,101 0 5014 4011,4011 20686056448
1569510,786,7 4014 4011 4012,4012 1
1569511,790,1005 4012 801
1569512,801,101 1 784 784,784 5015
1569513,805,1105 1 775
1569514,775,1007 784 5025 4012,4012 1
1569515,779,1006 4012 808
1569516,782,101 0 5015 4011,4011 10343028224
1569517,786,7 4014 4011 4012,4012 0
1569518,790,1005 4012 801
1569519,793,102 -1 4011 4011,4011 -10343028224
1569520,797,1 4014 4011 4014,4014 7836344760
1569521,801,101 1 784 784,784 5016
1569522,805,1105 1 775
1569523,775,1007 784 5025 4012,4012 1
1569524,779,1006 4012 808
1569525,782,101 0 5016 4011,4011 5171514112
1569526,786,7 4014 4011 4012,4012 0
1569527,790,1005 4012 801
1569528,793,102 -1 4011 4011,4011 -5171514112
1569529,797,1 4014 4011 4014,4014 2664830648
1569530,801,101 1 784 784,784 5017
1569531,805,1105 1 775
1569532,775,1007 784 5025 4012,4012 1
1569533,779,1006 4012 808
1569534,782,101 0 5017 4011,4011 2585757056
1569535,786,7 4014 4011 4012,4012 0
1569536,790,1005 4012 801
1569537,793,102 -1 4011 4011,4011 -2585757056
1569538,797,1 4014 4011 4014,4014 79073592
1569539,801,101 1 784 784,784 5018
1569540,805,1105 1 775
1569541,775,1007 784 5025 4012,4012 1
1569542,779,1006 4012 808
1569543,782,101 0 5018 4011,4011 1292878528
1569544,786,7 4014 4011 4012,4012 1
1569545,790,1005 4012 801
1569546,801,101 1 784 784,784 5019
1569547,805,1105 1 775
1569548,775,1007 784 5025 4012,4012 1
1569549,779,1006 4012 808
1569550,782,101 0 5019 4011,4011 646439264
1569551,786,7 4014 4011 4012,4012 1
1569552,790,1005 4012 801
1569553,801,101 1 784 784,784 5020
1569554,805,1105 1 775
1569555,775,1007 784 5025 4012,4012 1
1569556,779,1006 4012 808
1569557,782,101 0 5020 4011,4011 323219632
1569558,786,7 4014 4011 4012,4012 1
1569559,790,1005 4012 801
1569560,801,101 1 784 784,784 5021
1569561,805,1105 1 775
1569562,775,1007 784 5025 4012,4012 1
1569563,779,1006 4012 808
1569564,782,101 0 5021 4011,4011 161609816
1569565,786,7 4014 4011 4012,4012 1
1569566,790,1005 4012 801
1569567,801,101 1 784 784,784 5022
1569568,805,1105 1 775
1569569,775,1007 784 5025 4012,4012 1
1569570,779,1006 4012 808
1569571,782,101 0 5022 4011,4011 80804908
1569572,786,7 4014 4011 4012,4012 1
1569573,790,1005 4012 801
1569574,801,101 1 784 784,784 5023
1569575,805,1105 1 775
1569576,775,1007 784 5025 4012,4012 1
1569577,779,1006 4012 808
1569578,782,101 0 5023 4011,4011 40402454
1569579,786,7 4014 4011 4012,4012 0
1569580,790,1005 4012 801
1569581,793,102 -1 4011 4011,4011 -40402454
1569582,797,1 4014 4011 4014,4014 38671138
1569583,801,101 1 784 784,784 5024
1569584,805,1105 1 775
1569585,775,1007 784 5025 4012,4012 1
1569586,779,1006 4012 808
1569587,782,101 0 5024 4011,4011 20201227
1569588,786,7 4014 4011 4012,4012 0
1569589,790,1005 4012 801
1569590,793,102 -1 4011 4011,4011 -20201227
1569591,797,1 4014 4011 4014,4014 18469911
1569592,801,101 1 784 784,784 5025
1569593,805,1105 1 775
1569594,775,1007 784 5025 4012,4012 0
1569595,779,1006 4012 808
1569596,808,101 1 4006 4006,4006 7
1569597,812,1105 1 733
1569598,733,1007 4006 25 4012,4012 1
1569599,737,1006 4012 815
1569600,740,101 5300 4006 746,746 5307
1569601,744,101 0 5307 4011,4011 131072
1569602,748,7 4013 4011 4012,4012 1
1569603,752,1005 4012 808
1569604,808,101 1 4006 4006,4006 8
1569605,812,1105 1 733
1569606,733,1007 4006 25 4012,4012 1
1569607,737,1006 4012 815
1569608,740,101 5300 4006 746,746 5308
1569609,744,101 0 5308 4011,4011 65536
1569610,748,7 4013 4011 4012,4012 1
1569611,752,1005 4012 808
1569612,808,101 1 4006 4006,4006 9
1569613,812,1105 1 733
1569614,733,1007 4006 25 4012,4012 1
1569615,737,1006 4012 815
1569616,740,101 5300 4006 746,746 5309
1569617,744,101 0 5309 4011,4011 32768
1569618,748,7 4013 4011 4012,4012 1
1569619,752,1005 4012 808
1569620,808,101 1 4006 4006,4006 10
1569621,812,1105 1 733
1569622,733,1007 4006 25 4012,4012 1
1569623,737,1006 4012 815
1569624,740,101 5300 4006 746,746 5310
1569625,744,101 0 5310 4011,4011 16384
1569626,748,7 4013 4011 4012,4012 0
1569627,752,1005 4012 808
1569628,755,102 -1 4011 4011,4011 -16384
1569629,759,1 4013 4011 4013,4013 2319
1569630,763,101 5200 4006 769,769 5210
1569631,767,2 4014 5210 4014,4014 228923926646175
1569632,771,1101 0 5000 784,784 5000
1569633,775,1007 784 5025 4012,4012 1
1569634,779,1006 4012 808
1569635,782,101 0 5000 4011,4011 338920348844032
1569636,786,7 4014 4011 4012,4012 1
1569637,790,1005 4012 801
1569638,801,101 1 784 784,784 5001
1569639,805,1105 1 775
1569640,775,1007 784 5025 4012,4012 1
1569641,779,1006 4012 808
1569642,782,101 0 5001 4011,4011 169460174422016
1569643,786,7 4014 4011 4012,4012 0
1569644,790,1005 4012 801
1569645,793,102 -1 4011 4011,4011 -169460174422016
1569646,797,1 4014 4011 4014,4014 59463752224159
1569647,801,101 1 784 784,784 5002
1569648,805,1105 1 775
1569649,775,1007 784 5025 4012,4012 1
1569650,779,1006 4012 808
1569651,782,101 0 5002 4011,4011 84730087211008
1569652,786,7 4014 4011 4012,4012 1
1569653,790,1005 4012 801
1569654,801,101 1 784 784,784 5003
1569655,805,1105 1 775
1569656,775,1007 784 5025 4012,4012 1
1569657,779,1006 4012 808
1569658,782,101 0 5003 4011,4011 42365043605504
1569659,786,7 4014 4011 4012,4012 0
1569660,790,1005 4012 801
1569661,793,102 -1 4011 4011,4011 -42365043605504
1569662,797,1 4014 4011 4014,4014 17098708618655
1569663,801,101 1 784 784,784 5004
1569664,805,1105 1 775
1569665,775,1007 784 5025 4012,4012 1
1569666,779,1006 4012 808
1569667,782,101 0 5004 4011,4011 21182521802752
1569668,786,7 4014 4011 4012,4012 1
1569669,790,1005 4012 801
1569670,801,101 1 784 784,784 5005
1569671,805,1105 1 775
1569672,775,1007 784 5025 4012,4012 1
1569673,779,1006 4012 808
1569674,782,101 0 5005 4011,4011 10591260901376
1569675,786,7 4014 4011 4012,4012 0
1569676,790,1005 4012 801
1569677,793,102 -1 4011 4011,4011 -10591260901376
1569678,797,1 4014 4011 4014,4014 6507447717279
1569679,801,101 1 784 784,784 5006
1569680,805,1105 1 775
1569681,775,1007 784 5025 4012,4012 1
1569682,779,1006 4012 808
1569683,782,101 0 5006 4011,4011 5295630450688
1569684,786,7 4014 4011 4012,4012 0
1569685,790,1005 4012 801
1569686,793,102 -1 4011 4011,4011 -5295630450688
1569687,797,1 4014 4011 4014,4014 1211817266591
1569688,801,101 1 784 784,784 5007
1569689,805,1105 1 775
1569690,775,1007 784 5025 4012,4012 1
1569691,779,1006 4012 808
1569692,782,101 0 5007 4011,4011 2647815225344
1569693,786,7 4014 4011 4012,4012 1
1569694,790,1005 4012 801
1569695,801,101 1 784 784,784 5008
1569696,805,1105 1 775
1569697,775,1007 784 5025 4012,4012 1
1569698,779,1006 4012 808
1569699,782,101 0 5008 4011,4011 1323907612672
1569700,786,7 4014 4011 4012,4012 1
1569701,790,1005 4012 801
1569702,801,101 1 784 784,784 5009
1569703,805,1105 1 775
1569704,775,1007 784 5025 4012,4012 1
1569705,779,1006 4012 808
1569706,782,101 0 5009 4011,4011 661953806336
1569707,786,7 4014 4011 4012,4012 0
1569708,790,1005 4012 801
1569709,793,102 -1 4011 4011,4011 -661953806336
1569710,797,1 4014 4011 4014,4014 549863460255
1569711,801,101 1 784 784,784 5010
1569712,805,1105 1 775
1569713,775,1007 784 5025 4012,4012 1
1569714,779,1006 4012 808
1569715,782,101 0 5010 4011,4011 330976903168
1569716,786,7 4014 4011 4012,4012 0
1569717,790,1005 4012 801
1569718,793,102 -1 4011 4011,4011 -330976903168
1569719,797,1 4014 4011 4014,4014 218886557087
1569720,801,101 1 784 784,784 5011
1569721,805,1105 1 775
1569722,775,1007 784 5025 4012,4012 1
1569723,779,1006 4012 808
1569724,782,101 0 5011 4011,4011 165488451584
1569725,786,7 4014 4011 4012,4012 0
1569726,790,1005 4012 801
1569727,793,102 -1 4011 4011,4011 -165488451584
1569728,797,1 4014 4011 4014,4014 53398105503
1569729,801,101 1 784 784,784 5012
1569730,805,1105 1 775
1569731,775,1007 784 5025 4012,4012 1
1569732,779,1006 4012 808
1569733,782,101 0 5012 4011,4011 82744225792
1569734,786,7 4014 4011 4012,4012 1
1569735,790,1005 4012 801
1569736,801,101 1 784 784,784 5013
1569737,805,1105 1 775
1569738,775,1007 784 5025 4012,4012 1
1569739,779,1006 4012 808
1569740,782,101 0 5013 4011,4011 41372112896
1569741,786,7 4014 4011 4012,4012 0
1569742,790,1005 4012 801
1569743,793,102 -1 4011 4011,4011 -41372112896
1569744,797,1 4014 4011 4014,4014 12025992607
1569745,801,101 1 784 784,784 5014
1569746,805,1105 1 775
1569747,775,1007 784 5025 4012,4012 1
1569748,779,1006 4012 808
1569749,782,101 0 5014 4011,4011 20686056448
1569750,786,7 4014 4011 4012,4012 1
1569751,790,1005 4012 801
1569752,801,101 1 784 784,784 5015
1569753,805,1105 1 775
1569754,775,1007 784 5025 4012,4012 1
1569755,779,1006 4012 808
1569756,782,101 0 5015 4011,4011 10343028224
1569757,786,7 4014 4011 4012,4012 0
1569758,790,1005 4012 801
1569759,793,102 -1 4011 4011,4011 -10343028224
1569760,797,1 4014 4011 4014,4014 1682964383
1569761,801,101 1 784 784,784 5016
1569762,805,1105 1 775
1569763,775,1007 784 5025 4012,4012 1
1569764,779,1006 4012 808
1569765,782,101 0 5016 4011,4011 5171514112
1569766,786,7 4014 4011 4012,4012 1
1569767,790,1005 4012 801
1569768,801,101 1 784 784,784 5017
1569769,805,1105 1 775
1569770,775,1007 784 5025 4012,4012 1
1569771,779,1006 4012 808
1569772,782,101 0 5017 4011,4011 2585757056
1569773,786,7 4014 4011 4012,4012 1
1569774,790,1005 4012 801
1569775,801,101 1 784 784,784 5018
1569776,805,1105 1 775
1569777,775,1007 784 5025 4012,4012 1
1569778,779,1006 4012 808
1569779,782,101 0 5018 4011,4011 1292878528
1569780,786,7 4014 4011 4012,4012 0
1569781,790,1005 4012 801
1569782,793,102 -1 4011 4011,4011 -1292878528
1569783,797,1 4014 4011 4014,4014 390085855
1569784,801,101 1 784 784,784 5019
1569785,805,1105 1 775
1569786,775,1007 784 5025 4012,4012 1
1569787,779,1006 4012 808
1569788,782,101 0 5019 4011,4011 646439264
1569789,786,7 4014 4011 4012,4012 1
1569790,790,1005 4012 801
1569791,801,101 1 784 784,784 5020
1569792,805,1105 1 775
1569793,775,1007 784 5025 4012,4012 1
1569794,779,1006 4012 808
1569795,782,101 0 5020 4011,4011 323219632
1569796,786,7 4014 4011 4012,4012 0
1569797,790,1005 4012 801
1569798,793,102 -1 4011 4011,4011 -323219632
1569799,797,1 4014 4011 4014,4014 66866223
1569800,801,101 1 784 784,784 5021
1569801,805,1105 1 775
1569802,775,1007 784 5025 4012,4012 1
1569803,779,1006 4012 808
1569804,782,101 0 5021 4011,4011 161609816
1569805,786,7 4014 4011 4012,4012 1
1569806,790,1005 4012 801
1569807,801,101 1 784 784,784 5022
1569808,805,1105 1 775
1569809,775,1007 784 5025 4012,4012 1
1569810,779,1006 4012 808
1569811,782,101 0 5022 4011,4011 80804908
1569812,786,7 4014 4011 4012,4012 1
1569813,790,1005 4012 801
1569814,801,101 1 784 784,784 5023
1569815,805,1105 1 775
1569816,775,1007 784 5025 4012,4012 1
1569817,779,1006 4012 808
1569818,782,101 0 5023 4011,4011 40402454
1569819,786,7 4014 4011 4012,4012 0
1569820,790,1005 4012 801
1569821,793,102 -1 4011 4011,4011 -40402454
1569822,797,1 4014 4011 4014,4014 26463769
1569823,801,101 1 784 784,784 5024
1569824,805,1105 1 775
1569825,775,1007 784 5025 4012,4012 1
1569826,779,1006 4012 808
1569827,782,101 0 5024 4011,4011 20201227
1569828,786,7 4014 4011 4012,4012 0
1569829,790,1005 4012 801
1569830,793,102 -1 4011 4011,4011 -20201227
1569831,797,1 4014 4011 4014,4014 6262542
1569832,801,101 1 784 784,784 5025
1569833,805,1105 1 775
1569834,775,1007 784 5025 4012,4012 0
1569835,779,1006 4012 808
1569836,808,101 1 4006 4006,4006 11
1569837,812,1105 1 733
1569838,733,1007 4006 25 4012,4012 1
1569839,737,1006 4012 815
1569840,740,101 5300 4006 746,746 5311
1569841,744,101 0 5311 4011,4011 8192
1569842,748,7 4013 4011 4012,4012 1
1569843,752,1005 4012 808
1569844,808,101 1 4006 4006,4006 12
1569845,812,1105 1 733
1569846,733,1007 4006 25 4012,4012 1
1569847,737,1006 4012 815
1569848,740,101 5300 4006 746,746 5312
1569849,744,101 0 5312 4011,4011 4096
1569850,748,7 4013 4011 4012,4012 1
1569851,752,1005 4012 808
1569852,808,101 1 4006 4006,4006 13
1569853,812,1105 1 733
1569854,733,1007 4006 25 4012,4012 1
1569855,737,1006 4012 815
1569856,740,101 5300 4006 746,746 5313
1569857,744,101 0 5313 4011,4011 2048
1569858,748,7 4013 4011 4012,4012 0
1569859,752,1005 4012 808
1569860,755,102 -1 4011 4011,4011 -2048
1569861,759,1 4013 4011 4013,4013 271
1569862,763,101 5200 4006 769,769 5213
1569863,767,2 4014 5213 4014,4014 8910213244218
1569864,771,1101 0 5000 784,784 5000
1569865,775,1007 784 5025 4012,4012 1
1569866,779,1006 4012 808
1569867,782,101 0 5000 4011,4011 338920348844032
1569868,786,7 4014 4011 4012,4012 1
1569869,790,1005 4012 801
1569870,801,101 1 784 784,784 5001
1569871,805,1105 1 775
1569872,775,1007 784 5025 4012,4012 1
1569873,779,1006 4012 808
1569874,782,101 0 5001 4011,4011 169460174422016
1569875,786,7 4014 4011 4012,4012 1
1569876,790,1005 4012 801
1569877,801,101 1 784 784,784 5002
1569878,805,1105 1 775
1569879,775,1007 784 5025 4012,4012 1
1569880,779,1006 4012 808
1569881,782,101 0 5002 4011,4011 84730087211008
1569882,786,7 4014 4011 4012,4012 1
1569883,790,1005 4012 801
1569884,801,101 1 784 784,784 5003
1569885,805,1105 1 775
1569886,775,1007 784 5025 4012,4012 1
1569887,779,1006 4012 808
1569888,782,101 0 5003 4011,4011 42365043605504
1569889,786,7 4014 4011 4012,4012 1
1569890,790,1005 4012 801
1569891,801,101 1 784 784,784 5004
1569892,805,1105 1 775
1569893,775,1007 784 5025 4012,4012 1
1569894,779,1006 4012 808
1569895,782,101 0 5004 4011,4011 21182521802752
1569896,786,7 4014 4011 4012,4012 1
1569897,790,1005 4012 801
1569898,801,101 1 784 784,784 5005
1569899,805,1105 1 775
1569900,775,1007 784 5025 4012,4012 1
1569901,779,1006 4012 808
1569902,782,101 0 5005 4011,4011 10591260901376
1569903,786,7 4014 4011 4012,4012 1
1569904,790,1005 4012 801
1569905,801,101 1 784 784,784 5006
1569906,805,1105 1 775
1569907,775,1007 784 5025 4012,4012 1
1569908,779,1006 4012 808
1569909,782,101 0 5006 4011,4011 5295630450688
1569910,786,7 4014 4011 4012,4012 0
1569911,790,1005 4012 801
1569912,793,102 -1 4011 4011,4011 -5295630450688
1569913,797,1 4014 4011 4014,4014 3614582793530
1569914,801,101 1 784 784,784 5007
1569915,805,1105 1 775
1569916,775,1007 784 5025 4012,4012 1
1569917,779,1006 4012 808
1569918,782,101 0 5007 4011,4011 2647815225344
1569919,786,7 4014 4011 4012,4012 0
1569920,790,1005 4012 801
1569921,793,102 -1 4011 4011,4011 -2647815225344
1569922,797,1 4014 4011 4014,4014 966767568186
1569923,801,101 1 784 784,784 5008
1569924,805,1105 1 775
1569925,775,1007 784 5025 4012,4012 1
1569926,779,1006 4012 808
1569927,782,101 0 5008 4011,4011 1323907612672
1569928,786,7 4014 4011 4012,4012 1
1569929,790,1005 4012 801
1569930,801,101 1 784 784,784 5009
1569931,805,1105 1 775
1569932,775,1007 784 5025 4012,4012 1
1569933,779,1006 4012 808
1569934,782,101 0 5009 4011,4011 661953806336
1569935,786,7 4014 4011 4012,4012 0
1569936,790,1005 4012 801
1569937,793,102 -1 4011 4011,4011 -661953806336
1569938,797,1 4014 4011 4014,4014 304813761850
1569939,801,101 1 784 784,784 5010
1569940,805,1105 1 775
1569941,775,1007 784 5025 4012,4012 1
1569942,779,1006 4012 808
1569943,782,101 0 5010 4011,4011 330976903168
1569944,786,7 4014 4011 4012,4012 1
1569945,790,1005 4012 801
1569946,801,101 1 784 784,784 5011
1569947,805,1105 1 775
1569948,775,1007 784 5025 4012,4012 1
1569949,779,1006 4012 808
1569950,782,101 0 5011 4011,4011 165488451584
1569951,786,7 4014 4011 4012,4012 0
1569952,790,1005 4012 801
1569953,793,102 -1 4011 4011,4011 -165488451584
1569954,797,1 4014 4011 4014,4014 139325310266
1569955,801,101 1 784 784,784 5012
1569956,805,1105 1 775
1569957,775,1007 784 5025 4012,4012 1
1569958,779,1006 4012 808
1569959,782,101 0 5012 4011,4011 82744225792
1569960,786,7 4014 4011 4012,4012 0
1569961,790,1005 4012 801
1569962,793,102 -1 4011 4011,4011 -82744225792
1569963,797,1 4014 4011 4014,4014 56581084474
1569964,801,101 1 784 784,784 5013
1569965,805,1105 1 775
1569966,775,1007 784 5025 4012,4012 1
1569967,779,1006 4012 808
1569968,782,101 0 5013 4011,4011 41372112896
1569969,786,7 4014 4011 4012,4012 0
1569970,790,1005 4012 801
1569971,793,102 -1 4011 4011,4011 -41372112896
1569972,797,1 4014 4011 4014,4014 15208971578
1569973,801,101 1 784 784,784 5014
1569974,805,1105 1 775
1569975,775,1007 784 5025 4012,4012 1
1569976,779,1006 4012 808
1569977,782,101 0 5014 4011,4011 20686056448
1569978,786,7 4014 4011 4012,4012 1
1569979,790,1005 4012 801
1569980,801,101 1 784 784,784 5015
1569981,805,1105 1 775
1569982,775,1007 784 5025 4012,4012 1
1569983,779,1006 4012 808
1569984,782,101 0 5015 4011,4011 10343028224
1569985,786,7 4014 4011 4012,4012 0
1569986,790,1005 4012 801
1569987,793,102 -1 4011 4011,4011 -10343028224
1569988,797,1 4014 4011 4014,4014 4865943354
1569989,801,101 1 784 784,784 5016
1569990,805,1105 1 775
1569991,775,1007 784 5025 4012,4012 1
1569992,779,1006 4012 808
1569993,782,101 0 5016 4011,4011 5171514112
1569994,786,7 4014 4011 4012,4012 1
1569995,790,1005 4012 801
1569996,801,101 1 784 784,784 5017
1569997,805,1105 1 775
1569998,775,1007 784 5025 4012,4012 1
1569999,779,1006 4012 808
1570000,782,101 0 5017 4011,4011 2585757056
1570001,786,7 4014 4011 4012,4012 0
1570002,790,1005 4012 801
1570003,793,102 -1 4011 4011,4011 -2585757056
1570004,797,1 4014 4011 4014,4014 2280186298
1570005,801,101 1 784 784,784 5018
1570006,805,1105 1 775
1570007,775,1007 784 5025 4012,4012 1
1570008,779,1006 4012 808
1570009,782,101 0 5018 4011,4011 1292878528
1570010,786,7 4014 4011 4012,4012 0
1570011,790,1005 4012 801
1570012,793,102 -1 4011 4011,4011 -1292878528
1570013,797,1 4014 4011 4014,4014 987307770
1570014,801,101 1 784 784,784 5019
1570015,805,1105 1 775
1570016,775,1007 784 5025 4012,4012 1
1570017,779,1006 4012 808
1570018,782,101 0 5019 4011,4011 646439264
1570019,786,7 4014 4011 4012,4012 0
1570020,790,1005 4012 801
1570021,793,102 -1 4011 4011,4011 -646439264
1570022,797,1 4014 4011 4014,4014 340868506
1570023,801,101 1 784 784,784 5020
1570024,805,1105 1 775
1570025,775,1007 784 5025 4012,4012 1
1570026,779,1006 4012 808
1570027,782,101 0 5020 4011,4011 323219632
1570028,786,7 4014 4011 4012,4012 0
1570029,790,1005 4012 801
1570030,793,102 -1 4011 4011,4011 -323219632
1570031,797,1 4014 4011 4014,4014 17648874
1570032,801,101 1 784 784,784 5021
1570033,805,1105 1 775
1570034,775,1007 784 5025 4012,4012 1
1570035,779,1006 4012 808
1570036,782,101 0 5021 4011,4011 161609816
1570037,786,7 4014 4011 4012,4012 1
1570038,790,1005 4012 801
1570039,801,101 1 784 784,784 5022
1570040,805,1105 1 775
1570041,775,1007 784 5025 4012,4012 1
1570042,779,1006 4012 808
1570043,782,101 0 5022 4011,4011 80804908
1570044,786,7 4014 4011 4012,4012 1
1570045,790,1005 4012 801
1570046,801,101 1 784 784,784 5023
1570047,805,1105 1 775
1570048,775,1007 784 5025 4012,4012 1
1570049,779,1006 4012 808
1570050,782,101 0 5023 4011,4011 40402454
1570051,786,7 4014 4011 4012,4012 1
1570052,790,1005 4012 801
1570053,801,101 1 784 784,784 5024
1570054,805,1105 1 775
1570055,775,1007 784 5025 4012,4012 1
1570056,779,1006 4012 808
1570057,782,101 0 5024 4011,4011 20201227
1570058,786,7 4014 4011 4012,4012 1
1570059,790,1005 4012 801
1570060,801,101 1 784 784,784 5025
1570061,805,1105 1 775
1570062,775,1007 784 5025 4012,4012 0
1570063,779,1006 4012 808
1570064,808,101 1 4006 4006,4006 14
1570065,812,1105 1 733
1570066,733,1007 4006 25 4012,4012 1
1570067,737,1006 4012 815
1570068,740,101 5300 4006 746,746 5314
1570069,744,101 0 5314 4011,4011 1024
1570070,748,7 4013 4011 4012,4012 1
1570071,752,1005 4012 808
1570072,808,101 1 4006 4006,4006 15
1570073,812,1105 1 733
1570074,733,1007 4006 25 4012,4012 1
1570075,737,1006 4012 815
1570076,740,101 5300 4006 746,746 5315
1570077,744,101 0 5315 4011,4011 512
1570078,748,7 4013 4011 4012,4012 1
1570079,752,1005 4012 808
1570080,808,101 1 4006 4006,4006 16
1570081,812,1105 1 733
1570082,733,1007 4006 25 4012,4012 1
1570083,737,1006 4012 815
1570084,740,101 5300 4006 746,746 5316
1570085,744,101 0 5316 4011,4011 256
1570086,748,7 4013 4011 4012,4012 0
1570087,752,1005 4012 808
1570088,755,102 -1 4011 4011,4011 -256
1570089,759,1 4013 4011 4013,4013 15
1570090,763,101 5200 4006 769,769 5216
1570091,767,2 4014 5216 4014,4014 256382686457892
1570092,771,1101 0 5000 784,784 5000
1570093,775,1007 784 5025 4012,4012 1
1570094,779,1006 4012 808
1570095,782,101 0 5000 4011,4011 338920348844032
1570096,786,7 4014 4011 4012,4012 1
1570097,790,1005 4012 801
1570098,801,101 1 784 784,784 5001
1570099,805,1105 1 775
1570100,775,1007 784 5025 4012,4012 1
1570101,779,1006 4012 808
1570102,782,101 0 5001 4011,4011 169460174422016
1570103,786,7 4014 4011 4012,4012 0
1570104,790,1005 4012 801
1570105,793,102 -1 4011 4011,4011 -169460174422016
1570106,797,1 4014 4011 4014,4014 86922512035876
1570107,801,101 1 784 784,784 5002
1570108,805,1105 1 775
1570109,775,1007 784 5025 4012,4012 1
1570110,779,1006 4012 808
1570111,782,101 0 5002 4011,4011 84730087211008
1570112,786,7 4014 4011 4012,4012 0
1570113,790,1005 4012 801
1570114,793,102 -1 4011 4011,4011 -84730087211008
1570115,797,1 4014 4011 4014,4014 2192424824868
1570116,801,101 1 784 784,784 5003
1570117,805,1105 1 775
1570118,775,1007 784 5025 4012,4012 1
1570119,779,1006 4012 808
1570120,782,101 0 5003 4011,4011 42365043605504
1570121,786,7 4014 4011 4012,4012 1
1570122,790,1005 4012 801
1570123,801,101 1 784 784,784 5004
1570124,805,1105 1 775
1570125,775,1007 784 5025 4012,4012 1
1570126,779,1006 4012 808
1570127,782,101 0 5004 4011,4011 21182521802752
1570128,786,7 4014 4011 4012,4012 1
1570129,790,1005 4012 801
1570130,801,101 1 784 784,784 5005
1570131,805,1105 1 775
1570132,775,1007 784 5025 4012,4012 1
1570133,779,1006 4012 808
1570134,782,101 0 5005 4011,4011 10591260901376
1570135,786,7 4014 4011 4012,4012 1
1570136,790,1005 4012 801
1570137,801,101 1 784 784,784 5006
1570138,805,1105 1 775
1570139,775,1007 784 5025 4012,4012 1
1570140,779,1006 4012 808
1570141,782,101 0 5006 4011,4011 5295630450688
1570142,786,7 4014 4011 4012,4012 1
1570143,790,1005 4012 801
1570144,801,101 1 784 784,784 5007
1570145,805,1105 1 775
1570146,775,1007 784 5025 4012,4012 1
1570147,779,1006 4012 808
1570148,782,101 0 5007 4011,4011 2647815225344
1570149,786,7 4014 4011 4012,4012 1
1570150,790,1005 4012 801
1570151,801,101 1 784 784,784 5008
1570152,805,1105 1 775
1570153,775,1007 784 5025 4012,4012 1
1570154,779,1006 4012 808
1570155,782,101 0 5008 4011,4011 1323907612672
1570156,786,7 4014 4011 4012,4012 0
1570157,790,1005 4012 801
1570158,793,102 -1 4011 4011,4011 -1323907612672
1570159,797,1 4014 4011 4014,4014 868517212196
1570160,801,101 1 784 784,784 5009
1570161,805,1105 1 775
1570162,775,1007 784 5025 4012,4012 1
1570163,779,1006 4012 808
1570164,782,101 0 5009 4011,4011 661953806336
1570165,786,7 4014 4011 4012,4012 0
1570166,790,1005 4012 801
1570167,793,102 -1 4011 4011,4011 -661953806336
1570168,797,1 4014 4011 4014,4014 206563405860
1570169,801,101 1 784 784,784 5010
1570170,805,1105 1 775
1570171,775,1007 784 5025 4012,4012 1
1570172,779,1006 4012 808
1570173,782,101 0 5010 4011,4011 330976903168
1570174,786,7 4014 4011 4012,4012 1
1570175,790,1005 4012 801
1570176,801,101 1 784 784,784 5011
1570177,805,1105 1 775
1570178,775,1007 784 5025 4012,4012 1
1570179,779,1006 4012 808
1570180,782,101 0 5011 4011,4011 165488451584
1570181,786,7 4014 4011 4012,4012 0
1570182,790,1005 4012 801
1570183,793,102 -1 4011 4011,4011 -165488451584
1570184,797,1 4014 4011 4014,4014 41074954276
1570185,801,101 1 784 784,784 5012
1570186,805,1105 1 775
1570187,775,1007 784 5025 4012,4012 1
1570188,779,1006 4012 808
1570189,782,101 0 5012 4011,4011 82744225792
1570190,786,7 4014 4011 4012,4012 1
1570191,790,1005 4012 801
1570192,801,101 1 784 784,784 5013
1570193,805,1105 1 775
1570194,775,1007 784 5025 4012,4012 1
1570195,779,1006 4012 808
1570196,782,101 0 5013 4011,4011 41372112896
1570197,786,7 4014 4011 4012,4012 1
1570198,790,1005 4012 801
1570199,801,101 1 784 784,784 5014
1570200,805,1105 1 775
1570201,775,1007 784 5025 4012,4012 1
1570202,779,1006 4012 808
1570203,782,101 0 5014 4011,4011 20686056448
1570204,786,7 4014 4011 4012,4012 0
1570205,790,1005 4012 801
1570206,793,102 -1 4011 4011,4011 -20686056448
1570207,797,1 4014 4011 4014,4014 20388897828
1570208,801,101 1 784 784,784 5015
1570209,805,1105 1 775
1570210,775,1007 784 5025 4012,4012 1
1570211,779,1006 4012 808
1570212,782,101 0 5015 4011,4011 10343028224
1570213,786,7 4014 4011 4012,4012 0
1570214,790,1005 4012 801
1570215,793,102 -1 4011 4011,4011 -10343028224
1570216,797,1 4014 4011 4014,4014 10045869604
1570217,801,101 1 784 784,784 5016
1570218,805,1105 1 775
1570219,775,1007 784 5025 4012,4012 1
1570220,779,1006 4012 808
1570221,782,101 0 5016 4011,4011 5171514112
1570222,786,7 4014 4011 4012,4012 0
1570223,790,1005 4012 801
1570224,793,102 -1 4011 4011,4011 -5171514112
1570225,797,1 4014 4011 4014,4014 4874355492
1570226,801,101 1 784 784,784 5017
1570227,805,1105 1 775
1570228,775,1007 784 5025 4012,4012 1
1570229,779,1006 4012 808
1570230,782,101 0 5017 4011,4011 2585757056
1570231,786,7 4014 4011 4012,4012 0
1570232,790,1005 4012 801
1570233,793,102 -1 4011 4011,4011 -2585757056
1570234,797,1 4014 4011 4014,4014 2288598436
1570235,801,101 1 784 784,784 5018
1570236,805,1105 1 775
1570237,775,1007 784 5025 4012,4012 1
1570238,779,1006 4012 808
1570239,782,101 0 5018 4011,4011 1292878528
1570240,786,7 4014 4011 4012,4012 0
1570241,790,1005 4012 801
1570242,793,102 -1 4011 4011,4011 -1292878528
1570243,797,1 4014 4011 4014,4014 995719908
1570244,801,101 1 784 784,784 5019
1570245,805,1105 1 775
1570246,775,1007 784 5025 4012,4012 1
1570247,779,1006 4012 808
1570248,782,101 0 5019 4011,4011 646439264
1570249,786,7 4014 4011 4012,4012 0
1570250,790,1005 4012 801
1570251,793,102 -1 4011 4011,4011 -646439264
1570252,797,1 4014 4011 4014,4014 349280644
1570253,801,101 1 784 784,784 5020
1570254,805,1105 1 775
1570255,775,1007 784 5025 4012,4012 1
1570256,779,1006 4012 808
1570257,782,101 0 5020 4011,4011 323219632
1570258,786,7 4014 4011 4012,4012 0
1570259,790,1005 4012 801
1570260,793,102 -1 4011 4011,4011 -323219632
1570261,797,1 4014 4011 4014,4014 26061012
1570262,801,101 1 784 784,784 5021
1570263,805,1105 1 775
1570264,775,1007 784 5025 4012,4012 1
1570265,779,1006 4012 808
1570266,782,101 0 5021 4011,4011 161609816
1570267,786,7 4014 4011 4012,4012 1
1570268,790,1005 4012 801
1570269,801,101 1 784 784,784 5022
1570270,805,1105 1 775
1570271,775,1007 784 5025 4012,4012 1
1570272,779,1006 4012 808
1570273,782,101 0 5022 4011,4011 80804908
1570274,786,7 4014 4011 4012,4012 1
1570275,790,1005 4012 801
1570276,801,101 1 784 784,784 5023
1570277,805,1105 1 775
1570278,775,1007 784 5025 4012,4012 1
1570279,779,1006 4012 808
1570280,782,101 0 5023 4011,4011 40402454
1570281,786,7 4014 4011 4012,4012 1
1570282,790,1005 4012 801
1570283,801,101 1 784 784,784 5024
1570284,805,1105 1 775
1570285,775,1007 784 5025 4012,4012 1
1570286,779,1006 4012 808
1570287,782,101 0 5024 4011,4011 20201227
1570288,786,7 4014 4011 4012,4012 0
1570289,790,1005 4012 801
1570290,793,102 -1 4011 4011,4011 -20201227
1570291,797,1 4014 4011 4014,4014 5859785
1570292,801,101 1 784 784,784 5025
1570293,805,1105 1 775
1570294,775,1007 784 5025 4012,4012 0
1570295,779,1006 4012 808
1570296,808,101 1 4006 4006,4006 17
1570297,812,1105 1 733
1570298,733,1007 4006 25 4012,4012 1
1570299,737,1006 4012 815
1570300,740,101 5300 4006 746,746 5317
1570301,744,101 0 5317 4011,4011 128
1570302,748,7 4013 4011 4012,4012 1
1570303,752,1005 4012 808
1570304,808,101 1 4006 4006,4006 18
1570305,812,1105 1 733
1570306,733,1007 4006 25 4012,4012 1
1570307,737,1006 4012 815
1570308,740,101 5300 4006 746,746 5318
1570309,744,101 0 5318 4011,4011 64
1570310,748,7 4013 4011 4012,4012 1
1570311,752,1005 4012 808
1570312,808,101 1 4006 4006,4006 19
1570313,812,1105 1 733
1570314,733,1007 4006 25 4012,4012 1
1570315,737,1006 4012 815
1570316,740,101 5300 4006 746,746 5319
1570317,744,101 0 5319 4011,4011 32
1570318,748,7 4013 4011 4012,4012 1
1570319,752,1005 4012 808
1570320,808,101 1 4006 4006,4006 20
1570321,812,1105 1 733
1570322,733,1007 4006 25 4012,4012 1
1570323,737,1006 4012 815
1570324,740,101 5300 4006 746,746 5320
1570325,744,101 0 5320 4011,4011 16
1570326,748,7 4013 4011 4012,4012 1
1570327,752,1005 4012 808
1570328,808,101 1 4006 4006,4006 21
1570329,812,1105 1 733
1570330,733,1007 4006 25 4012,4012 1
1570331,737,1006 4012 815
1570332,740,101 5300 4006 746,746 5321
1570333,744,101 0 5321 4011,4011 8
1570334,748,7 4013 4011 4012,4012 0
1570335,752,1005 4012 808
1570336,755,102 -1 4011 4011,4011 -8
1570337,759,1 4013 4011 4013,4013 7
1570338,763,101 5200 4006 769,769 5221
1570339,767,2 4014 5221 4014,4014 33780494427785
1570340,771,1101 0 5000 784,784 5000
1570341,775,1007 784 5025 4012,4012 1
1570342,779,1006 4012 808
1570343,782,101 0 5000 4011,4011 338920348844032
1570344,786,7 4014 4011 4012,4012 1
1570345,790,1005 4012 801
1570346,801,101 1 784 784,784 5001
1570347,805,1105 1 775
1570348,775,1007 784 5025 4012,4012 1
1570349,779,1006 4012 808
1570350,782,101 0 5001 4011,4011 169460174422016
1570351,786,7 4014 4011 4012,4012 1
1570352,790,1005 4012 801
1570353,801,101 1 784 784,784 5002
1570354,805,1105 1 775
1570355,775,1007 784 5025 4012,4012 1
1570356,779,1006 4012 808
1570357,782,101 0 5002 4011,4011 84730087211008
1570358,786,7 4014 4011 4012,4012 1
1570359,790,1005 4012 801
1570360,801,101 1 784 784,784 5003
1570361,805,1105 1 775
1570362,775,1007 784 5025 4012,4012 1
1570363,779,1006 4012 808
1570364,782,101 0 5003 4011,4011 42365043605504
1570365,786,7 4014 4011 4012,4012 1
1570366,790,1005 4012 801
1570367,801,101 1 784 784,784 5004
1570368,805,1105 1 775
1570369,775,1007 784 5025 4012,4012 1
1570370,779,1006 4012 808
1570371,782,101 0 5004 4011,4011 21182521802752
1570372,786,7 4014 4011 4012,4012 0
1570373,790,1005 4012 801
1570374,793,102 -1 4011 4011,4011 -21182521802752
1570375,797,1 4014 4011 4014,4014 12597972625033
1570376,801,101 1 784 784,784 5005
1570377,805,1105 1 775
1570378,775,1007 784 5025 4012,4012 1
1570379,779,1006 4012 808
1570380,782,101 0 5005 4011,4011 10591260901376
1570381,786,7 4014 4011 4012,4012 0
1570382,790,1005 4012 801
1570383,793,102 -1 4011 4011,4011 -10591260901376
1570384,797,1 4014 4011 4014,4014 2006711723657
1570385,801,101 1 784 784,784 5006
1570386,805,1105 1 775
1570387,775,1007 784 5025 4012,4012 1
1570388,779,1006 4012 808
1570389,782,101 0 5006 4011,4011 5295630450688
1570390,786,7 4014 4011 4012,4012 1
1570391,790,1005 4012 801
1570392,801,101 1 784 784,784 5007
1570393,805,1105 1 775
1570394,775,1007 784 5025 4012,4012 1
1570395,779,1006 4012 808
1570396,782,101 0 5007 4011,4011 2647815225344
1570397,786,7 4014 4011 4012,4012 1
1570398,790,1005 4012 801
1570399,801,101 1 784 784,784 5008
1570400,805,1105 1 775
1570401,775,1007 784 5025 4012,4012 1
1570402,779,1006 4012 808
1570403,782,101 0 5008 4011,4011 1323907612672
1570404,786,7 4014 4011 4012,4012 0
1570405,790,1005 4012 801
1570406,793,102 -1 4011 4011,4011 -1323907612672
1570407,797,1 4014 4011 4014,4014 682804110985
1570408,801,101 1 784 784,784 5009
1570409,805,1105 1 775
1570410,775,1007 784 5025 4012,4012 1
1570411,779,1006 4012 808
1570412,782,101 0 5009 4011,4011 661953806336
1570413,786,7 4014 4011 4012,4012 0
1570414,790,1005 4012 801
1570415,793,102 -1 4011 4011,4011 -661953806336
1570416,797,1 4014 4011 4014,4014 20850304649
1570417,801,101 1 784 784,784 5010
1570418,805,1105 1 775
1570419,775,1007 784 5025 4012,4012 1
1570420,779,1006 4012 808
1570421,782,101 0 5010 4011,4011 330976903168
1570422,786,7 4014 4011 4012,4012 1
1570423,790,1005 4012 801
1570424,801,101 1 784 784,784 5011
1570425,805,1105 1 775
1570426,775,1007 784 5025 4012,4012 1
1570427,779,1006 4012 808
1570428,782,101 0 5011 4011,4011 165488451584
1570429,786,7 4014 4011 4012,4012 1
1570430,790,1005 4012 801
1570431,801,101 1 784 784,784 5012
1570432,805,1105 1 775
1570433,775,1007 784 5025 4012,4012 1
1570434,779,1006 4012 808
1570435,782,101 0 5012 4011,4011 82744225792
1570436,786,7 4014 4011 4012,4012 1
1570437,790,1005 4012 801
1570438,801,101 1 784 784,784 5013
1570439,805,1105 1 775
1570440,775,1007 784 5025 4012,4012 1
1570441,779,1006 4012 808
1570442,782,101 0 5013 4011,4011 41372112896
1570443,786,7 4014 4011 4012,4012 1
1570444,790,1005 4012 801
1570445,801,101 1 784 784,784 5014
1570446,805,1105 1 775
1570447,775,1007 784 5025 4012,4012 1
1570448,779,1006 4012 808
1570449,782,101 0 5014 4011,4011 20686056448
1570450,786,7 4014 4011 4012,4012 0
1570451,790,1005 4012 801
1570452,793,102 -1 4011 4011,4011 -20686056448
1570453,797,1 4014 4011 4014,4014 164248201
1570454,801,101 1 784 784,784 5015
1570455,805,1105 1 775
1570456,775,1007 784 5025 4012,4012 1
1570457,779,1006 4012 808
1570458,782,101 0 5015 4011,4011 10343028224
1570459,786,7 4014 4011 4012,4012 1
1570460,790,1005 4012 801
1570461,801,101 1 784 784,784 5016
1570462,805,1105 1 775
1570463,775,1007 784 5025 4012,4012 1
1570464,779,1006 4012 808
1570465,782,101 0 5016 4011,4011 5171514112
1570466,786,7 4014 4011 4012,4012 1
1570467,790,1005 4012 801
1570468,801,101 1 784 784,784 5017
1570469,805,1105 1 775
1570470,775,1007 784 5025 4012,4012 1
1570471,779,1006 4012 808
1570472,782,101 0 5017 4011,4011 2585757056
1570473,786,7 4014 4011 4012,4012 1
1570474,790,1005 4012 801
1570475,801,101 1 784 784,784 5018
1570476,805,1105 1 775
1570477,775,1007 784 5025 4012,4012 1
1570478,779,1006 4012 808
1570479,782,101 0 5018 4011,4011 1292878528
1570480,786,7 4014 4011 4012,4012 1
1570481,790,1005 4012 801
1570482,801,101 1 784 784,784 5019
1570483,805,1105 1 775
1570484,775,1007 784 5025 4012,4012 1
1570485,779,1006 4012 808
1570486,782,101 0 5019 4011,4011 646439264
1570487,786,7 4014 4011 4012,4012 1
1570488,790,1005 4012 801
1570489,801,101 1 784 784,784 5020
1570490,805,1105 1 775
1570491,775,1007 784 5025 4012,4012 1
1570492,779,1006 4012 808
1570493,782,101 0 5020 4011,4011 323219632
1570494,786,7 4014 4011 4012,4012 1
1570495,790,1005 4012 801
1570496,801,101 1 784 784,784 5021
1570497,805,1105 1 775
1570498,775,1007 784 5025 4012,4012 1
1570499,779,1006 4012 808
1570500,782,101 0 5021 4011,4011 161609816
1570501,786,7 4014 4011 4012,4012 0
1570502,790,1005 4012 801
1570503,793,102 -1 4011 4011,4011 -161609816
1570504,797,1 4014 4011 4014,4014 2638385
1570505,801,101 1 784 784,784 5022
1570506,805,1105 1 775
1570507,775,1007 784 5025 4012,4012 1
1570508,779,1006 4012 808
1570509,782,101 0 5022 4011,4011 80804908
1570510,786,7 4014 4011 4012,4012 1
1570511,790,1005 4012 801
1570512,801,101 1 784 784,784 5023
1570513,805,1105 1 775
1570514,775,1007 784 5025 4012,4012 1
1570515,779,1006 4012 808
1570516,782,101 0 5023 4011,4011 40402454
1570517,786,7 4014 4011 4012,4012 1
1570518,790,1005 4012 801
1570519,801,101 1 784 784,784 5024
1570520,805,1105 1 775
1570521,775,1007 784 5025 4012,4012 1
1570522,779,1006 4012 808
1570523,782,101 0 5024 4011,4011 20201227
1570524,786,7 4014 4011 4012,4012 1
1570525,790,1005 4012 801
1570526,801,101 1 784 784,784 5025
1570527,805,1105 1 775
1570528,775,1007 784 5025 4012,4012 0
1570529,779,1006 4012 808
1570530,808,101 1 4006 4006,4006 22
1570531,812,1105 1 733
1570532,733,1007 4006 25 4012,4012 1
1570533,737,1006 4012 815
1570534,740,101 5300 4006 746,746 5322
1570535,744,101 0 5322 4011,4011 4
1570536,748,7 4013 4011 4012,4012 0
1570537,752,1005 4012 808
1570538,755,102 -1 4011 4011,4011 -4
1570539,759,1 4013 4011 4013,4013 3
1570540,763,101 5200 4006 769,769 5222
1570541,767,2 4014 5222 4014,4014 6334762385
1570542,771,1101 0 5000 784,784 5000
1570543,775,1007 784 5025 4012,4012 1
1570544,779,1006 4012 808
1570545,782,101 0 5000 4011,4011 338920348844032
1570546,786,7 4014 4011 4012,4012 1
1570547,790,1005 4012 801
1570548,801,101 1 784 784,784 5001
1570549,805,1105 1 775
1570550,775,1007 784 5025 4012,4012 1
1570551,779,1006 4012 808
1570552,782,101 0 5001 4011,4011 169460174422016
1570553,786,7 4014 4011 4012,4012 1
1570554,790,1005 4012 801
1570555,801,101 1 784 784,784 5002
1570556,805,1105 1 775
1570557,775,1007 784 5025 4012,4012 1
1570558,779,1006 4012 808
1570559,782,101 0 5002 4011,4011 84730087211008
1570560,786,7 4014 4011 4012,4012 1
1570561,790,1005 4012 801
1570562,801,101 1 784 784,784 5003
1570563,805,1105 1 775
1570564,775,1007 784 5025 4012,4012 1
1570565,779,1006 4012 808
1570566,782,101 0 5003 4011,4011 42365043605504
1570567,786,7 4014 4011 4012,4012 1
1570568,790,1005 4012 801
1570569,801,101 1 784 784,784 5004
1570570,805,1105 1 775
1570571,775,1007 784 5025 4012,4012 1
1570572,779,1006 4012 808
1570573,782,101 0 5004 4011,4011 21182521802752
1570574,786,7 4014 4011 4012,4012 1
1570575,790,1005 4012 801
1570576,801,101 1 784 784,784 5005
1570577,805,1105 1 775
1570578,775,1007 784 5025 4012,4012 1
1570579,779,1006 4012 808
1570580,782,101 0 5005 4011,4011 10591260901376
1570581,786,7 4014 4011 4012,4012 1
1570582,790,1005 4012 801
1570583,801,101 1 784 784,784 5006
1570584,805,1105 1 775
1570585,775,1007 784 5025 4012,4012 1
1570586,779,1006 4012 808
1570587,782,101 0 5006 4011,4011 5295630450688
1570588,786,7 4014 4011 4012,4012 1
1570589,790,1005 4012 801
1570590,801,101 1 784 784,784 5007
1570591,805,1105 1 775
1570592,775,1007 784 5025 4012,4012 1
1570593,779,1006 4012 808
1570594,782,101 0 5007 4011,4011 2647815225344
1570595,786,7 4014 4011 4012,4012 1
1570596,790,1005 4012 801
1570597,801,101 1 784 784,784 5008
1570598,805,1105 1 775
1570599,775,1007 784 5025 4012,4012 1
1570600,779,1006 4012 808
1570601,782,101 0 5008 4011,4011 1323907612672
1570602,786,7 4014 4011 4012,4012 1
1570603,790,1005 4012 801
1570604,801,101 1 784 784,784 5009
1570605,805,1105 1 775
1570606,775,1007 784 5025 4012,4012 1
1570607,779,1006 4012 808
1570608,782,101 0 5009 4011,4011 661953806336
1570609,786,7 4014 4011 4012,4012 1
1570610,790,1005 4012 801
1570611,801,101 1 784 784,784 5010
1570612,805,1105 1 775
1570613,775,1007 784 5025 4012,4012 1
1570614,779,1006 4012 808
1570615,782,101 0 5010 4011,4011 330976903168
1570616,786,7 4014 4011 4012,4012 1
1570617,790,1005 4012 801
1570618,801,101 1 784 784,784 5011
1570619,805,1105 1 775
1570620,775,1007 784 5025 4012,4012 1
1570621,779,1006 4012 808
1570622,782,101 0 5011 4011,4011 165488451584
1570623,786,7 4014 4011 4012,4012 1
1570624,790,1005 4012 801
1570625,801,101 1 784 784,784 5012
1570626,805,1105 1 775
1570627,775,1007 784 5025 4012,4012 1
1570628,779,1006 4012 808
1570629,782,101 0 5012 4011,4011 82744225792
1570630,786,7 4014 4011 4012,4012 1
1570631,790,1005 4012 801
1570632,801,101 1 784 784,784 5013
1570633,805,1105 1 775
1570634,775,1007 784 5025 4012,4012 1
1570635,779,1006 4012 808
1570636,782,101 0 5013 4011,4011 41372112896
1570637,786,7 4014 4011 4012,4012 1
1570638,790,1005 4012 801
1570639,801,101 1 784 784,784 5014
1570640,805,1105 1 775
1570641,775,1007 784 5025 4012,4012 1
1570642,779,1006 4012 808
1570643,782,101 0 5014 4011,4011 20686056448
1570644,786,7 4014 4011 4012,4012 1
1570645,790,1005 4012 801
1570646,801,101 1 784 784,784 5015
1570647,805,1105 1 775
1570648,775,1007 784 5025 4012,4012 1
1570649,779,1006 4012 808
1570650,782,101 0 5015 4011,4011 10343028224
1570651,786,7 4014 4011 4012,4012 1
1570652,790,1005 4012 801
1570653,801,101 1 784 784,784 5016
1570654,805,1105 1 775
1570655,775,1007 784 5025 4012,4012 1
1570656,779,1006 4012 808
1570657,782,101 0 5016 4011,4011 5171514112
1570658,786,7 4014 4011 4012,4012 0
1570659,790,1005 4012 801
1570660,793,102 -1 4011 4011,4011 -5171514112
1570661,797,1 4014 4011 4014,4014 1163248273
1570662,801,101 1 784 784,784 5017
1570663,805,1105 1 775
1570664,775,1007 784 5025 4012,4012 1
1570665,779,1006 4012 808
1570666,782,101 0 5017 4011,4011 2585757056
1570667,786,7 4014 4011 4012,4012 1
1570668,790,1005 4012 801
1570669,801,101 1 784 784,784 5018
1570670,805,1105 1 775
1570671,775,1007 784 5025 4012,4012 1
1570672,779,1006 4012 808
1570673,782,101 0 5018 4011,4011 1292878528
1570674,786,7 4014 4011 4012,4012 1
1570675,790,1005 4012 801
1570676,801,101 1 784 784,784 5019
1570677,805,1105 1 775
1570678,775,1007 784 5025 4012,4012 1
1570679,779,1006 4012 808
1570680,782,101 0 5019 4011,4011 646439264
1570681,786,7 4014 4011 4012,4012 0
1570682,790,1005 4012 801
1570683,793,102 -1 4011 4011,4011 -646439264
1570684,797,1 4014 4011 4014,4014 516809009
1570685,801,101 1 784 784,784 5020
1570686,805,1105 1 775
1570687,775,1007 784 5025 4012,4012 1
1570688,779,1006 4012 808
1570689,782,101 0 5020 4011,4011 323219632
1570690,786,7 4014 4011 4012,4012 0
1570691,790,1005 4012 801
1570692,793,102 -1 4011 4011,4011 -323219632
1570693,797,1 4014 4011 4014,4014 193589377
1570694,801,101 1 784 784,784 5021
1570695,805,1105 1 775
1570696,775,1007 784 5025 4012,4012 1
1570697,779,1006 4012 808
1570698,782,101 0 5021 4011,4011 161609816
1570699,786,7 4014 4011 4012,4012 0
1570700,790,1005 4012 801
1570701,793,102 -1 4011 4011,4011 -161609816
1570702,797,1 4014 4011 4014,4014 31979561
1570703,801,101 1 784 784,784 5022
1570704,805,1105 1 775
1570705,775,1007 784 5025 4012,4012 1
1570706,779,1006 4012 808
1570707,782,101 0 5022 4011,4011 80804908
1570708,786,7 4014 4011 4012,4012 1
1570709,790,1005 4012 801
1570710,801,101 1 784 784,784 5023
1570711,805,1105 1 775
1570712,775,1007 784 5025 4012,4012 1
1570713,779,1006 4012 808
1570714,782,101 0 5023 4011,4011 40402454
1570715,786,7 4014 4011 4012,4012 1
1570716,790,1005 4012 801
1570717,801,101 1 784 784,784 5024
1570718,805,1105 1 775
1570719,775,1007 784 5025 4012,4012 1
1570720,779,1006 4012 808
1570721,782,101 0 5024 4011,4011 20201227
1570722,786,7 4014 4011 4012,4012 0
1570723,790,1005 4012 801
1570724,793,102 -1 4011 4011,4011 -20201227
1570725,797,1 4014 4011 4014,4014 11778334
1570726,801,101 1 784 784,784 5025
1570727,805,1105 1 775
1570728,775,1007 784 5025 4012,4012 0
1570729,779,1006 4012 808
1570730,808,101 1 4006 4006,4006 23
1570731,812,1105 1 733
1570732,733,1007 4006 25 4012,4012 1
1570733,737,1006 4012 815
1570734,740,101 5300 4006 746,746 5323
1570735,744,101 0 5323 4011,4011 2
1570736,748,7 4013 4011 4012,4012 0
1570737,752,1005 4012 808
1570738,755,102 -1 4011 4011,4011 -2
1570739,759,1 4013 4011 4013,4013 1
1570740,763,101 5200 4006 769,769 5223
1570741,767,2 4014 5223 4014,4014 577138366
1570742,771,1101 0 5000 784,784 5000
1570743,775,1007 784 5025 4012,4012 1
1570744,779,1006 4012 808
1570745,782,101 0 5000 4011,4011 338920348844032
1570746,786,7 4014 4011 4012,4012 1
1570747,790,1005 4012 801
1570748,801,101 1 784 784,784 5001
1570749,805,1105 1 775
1570750,775,1007 784 5025 4012,4012 1
1570751,779,1006 4012 808
1570752,782,101 0 5001 4011,4011 169460174422016
1570753,786,7 4014 4011 4012,4012 1
1570754,790,1005 4012 801
1570755,801,101 1 784 784,784 5002
1570756,805,1105 1 775
1570757,775,1007 784 5025 4012,4012 1
1570758,779,1006 4012 808
1570759,782,101 0 5002 4011,4011 84730087211008
1570760,786,7 4014 4011 4012,4012 1
1570761,790,1005 4012 801
1570762,801,101 1 784 784,784 5003
1570763,805,1105 1 775
1570764,775,1007 784 5025 4012,4012 1
1570765,779,1006 4012 808
1570766,782,101 0 5003 4011,4011 42365043605504
1570767,786,7 4014 4011 4012,4012 1
1570768,790,1005 4012 801
1570769,801,101 1 784 784,784 5004
1570770,805,1105 1 775
1570771,775,1007 784 5025 4012,4012 1
1570772,779,1006 4012 808
1570773,782,101 0 5004 4011,4011 21182521802752
1570774,786,7 4014 4011 4012,4012 1
1570775,790,1005 4012 801
1570776,801,101 1 784 784,784 5005
1570777,805,1105 1 775
1570778,775,1007 784 5025 4012,4012 1
1570779,779,1006 4012 808
1570780,782,101 0 5005 4011,4011 10591260901376
1570781,786,7 4014 4011 4012,4012 1
1570782,790,1005 4012 801
1570783,801,101 1 784 784,784 5006
1570784,805,1105 1 775
1570785,775,1007 784 5025 4012,4012 1
1570786,779,1006 4012 808
1570787,782,101 0 5006 4011,4011 5295630450688
1570788,786,7 4014 4011 4012,4012 1
1570789,790,1005 4012 801
1570790,801,101 1 784 784,784 5007
1570791,805,1105 1 775
1570792,775,1007 784 5025 4012,4012 1
1570793,779,1006 4012 808
1570794,782,101 0 5007 4011,4011 2647815225344
1570795,786,7 4014 4011 4012,4012 1
1570796,790,1005 4012 801
1570797,801,101 1 784 784,784 5008
1570798,805,1105 1 775
1570799,775,1007 784 5025 4012,4012 1
1570800,779,1006 4012 808
1570801,782,101 0 5008 4011,4011 1323907612672
1570802,786,7 4014 4011 4012,4012 1
1570803,790,1005 4012 801
1570804,801,101 1 784 784,784 5009
1570805,805,1105 1 775
1570806,775,1007 784 5025 4012,4012 1
1570807,779,1006 4012 808
1570808,782,101 0 5009 4011,4011 661953806336
1570809,786,7 4014 4011 4012,4012 1
1570810,790,1005 4012 801
1570811,801,101 1 784 784,784 5010
1570812,805,1105 1 775
1570813,775,1007 784 5025 4012,4012 1
1570814,779,1006 4012 808
1570815,782,101 0 5010 4011,4011 330976903168
1570816,786,7 4014 4011 4012,4012 1
1570817,790,1005 4012 801
1570818,801,101 1 784 784,784 5011
1570819,805,1105 1 775
1570820,775,1007 784 5025 4012,4012 1
1570821,779,1006 4012 808
1570822,782,101 0 5011 4011,4011 165488451584
1570823,786,7 4014 4011 4012,4012 1
1570824,790,1005 4012 801
1570825,801,101 1 784 784,784 5012
1570826,805,1105 1 775
1570827,775,1007 784 5025 4012,4012 1
1570828,779,1006 4012 808
1570829,782,101 0 5012 4011,4011 82744225792
1570830,786,7 4014 4011 4012,4012 1
1570831,790,1005 4012 801
1570832,801,101 1 784 784,784 5013
1570833,805,1105 1 775
1570834,775,1007 784 5025 4012,4012 1
1570835,779,1006 4012 808
1570836,782,101 0 5013 4011,4011 41372112896
1570837,786,7 4014 4011 4012,4012 1
1570838,790,1005 4012 801
1570839,801,101 1 784 784,784 5014
1570840,805,1105 1 775
1570841,775,1007 784 5025 4012,4012 1
1570842,779,1006 4012 808
1570843,782,101 0 5014 4011,4011 20686056448
1570844,786,7 4014 4011 4012,4012 1
1570845,790,1005 4012 801
1570846,801,101 1 784 784,784 5015
1570847,805,1105 1 775
1570848,775,1007 784 5025 4012,4012 1
1570849,779,1006 4012 808
1570850,782,101 0 5015 4011,4011 10343028224
1570851,786,7 4014 4011 4012,4012 1
1570852,790,1005 4012 801
1570853,801,101 1 784 784,784 5016
1570854,805,1105 1 775
1570855,775,1007 784 5025 4012,4012 1
1570856,779,1006 4012 808
1570857,782,101 0 5016 4011,4011 5171514112
1570858,786,7 4014 4011 4012,4012 1
1570859,790,1005 4012 801
1570860,801,101 1 784 784,784 5017
1570861,805,1105 1 775
1570862,775,1007 784 5025 4012,4012 1
1570863,779,1006 4012 808
1570864,782,101 0 5017 4011,4011 2585757056
1570865,786,7 4014 4011 4012,4012 1
1570866,790,1005 4012 801
1570867,801,101 1 784 784,784 5018
1570868,805,1105 1 775
1570869,775,1007 784 5025 4012,4012 1
1570870,779,1006 4012 808
1570871,782,101 0 5018 4011,4011 1292878528
1570872,786,7 4014 4011 4012,4012 1
1570873,790,1005 4012 801
1570874,801,101 1 784 784,784 5019
1570875,805,1105 1 775
1570876,775,1007 784 5025 4012,4012 1
1570877,779,1006 4012 808
1570878,782,101 0 5019 4011,4011 646439264
1570879,786,7 4014 4011 4012,4012 1
1570880,790,1005 4012 801
1570881,801,101 1 784 784,784 5020
1570882,805,1105 1 775
1570883,775,1007 784 5025 4012,4012 1
1570884,779,1006 4012 808
1570885,782,101 0 5020 4011,4011 323219632
1570886,786,7 4014 4011 4012,4012 0
1570887,790,1005 4012 801
1570888,793,102 -1 4011 4011,4011 -323219632
1570889,797,1 4014 4011 4014,4014 253918734
1570890,801,101 1 784 784,784 5021
1570891,805,1105 1 775
1570892,775,1007 784 5025 4012,4012 1
1570893,779,1006 4012 808
1570894,782,101 0 5021 4011,4011 161609816
1570895,786,7 4014 4011 4012,4012 0
1570896,790,1005 4012 801
1570897,793,102 -1 4011 4011,4011 -161609816
1570898,797,1 4014 4011 4014,4014 92308918
1570899,801,101 1 784 784,784 5022
1570900,805,1105 1 775
1570901,775,1007 784 5025 4012,4012 1
1570902,779,1006 4012 808
1570903,782,101 0 5022 4011,4011 80804908
1570904,786,7 4014 4011 4012,4012 0
1570905,790,1005 4012 801
1570906,793,102 -1 4011 4011,4011 -80804908
1570907,797,1 4014 4011 4014,4014 11504010
1570908,801,101 1 784 784,784 5023
1570909,805,1105 1 775
1570910,775,1007 784 5025 4012,4012 1
1570911,779,1006 4012 808
1570912,782,101 0 5023 4011,4011 40402454
1570913,786,7 4014 4011 4012,4012 1
1570914,790,1005 4012 801
1570915,801,101 1 784 784,784 5024
1570916,805,1105 1 775
1570917,775,1007 784 5025 4012,4012 1
1570918,779,1006 4012 808
1570919,782,101 0 5024 4011,4011 20201227
1570920,786,7 4014 4011 4012,4012 1
1570921,790,1005 4012 801
1570922,801,101 1 784 784,784 5025
1570923,805,1105 1 775
1570924,775,1007 784 5025 4012,4012 0
1570925,779,1006 4012 808
1570926,808,101 1 4006 4006,4006 24
1570927,812,1105 1 733
1570928,733,1007 4006 25 4012,4012 1
1570929,737,1006 4012 815
1570930,740,101 5300 4006 746,746 5324
1570931,744,101 0 5324 4011,4011 1
1570932,748,7 4013 4011 4012,4012 0
1570933,752,1005 4012 808
1570934,755,102 -1 4011 4011,4011 -1
1570935,759,1 4013 4011 4013,4013 0
1570936,763,101 5200 4006 769,769 5224
1570937,767,2 4014 5224 4014,4014 80528070
1570938,771,1101 0 5000 784,784 5000
1570939,775,1007 784 5025 4012,4012 1
1570940,779,1006 4012 808
1570941,782,101 0 5000 4011,4011 338920348844032
1570942,786,7 4014 4011 4012,4012 1
1570943,790,1005 4012 801
1570944,801,101 1 784 784,784 5001
1570945,805,1105 1 775
1570946,775,1007 784 5025 4012,4012 1
1570947,779,1006 4012 808
1570948,782,101 0 5001 4011,4011 169460174422016
1570949,786,7 4014 4011 4012,4012 1
1570950,790,1005 4012 801
1570951,801,101 1 784 784,784 5002
1570952,805,1105 1 775
1570953,775,1007 784 5025 4012,4012 1
1570954,779,1006 4012 808
1570955,782,101 0 5002 4011,4011 84730087211008
1570956,786,7 4014 4011 4012,4012 1
1570957,790,1005 4012 801
1570958,801,101 1 784 784,784 5003
1570959,805,1105 1 775
1570960,775,1007 784 5025 4012,4012 1
1570961,779,1006 4012 808
1570962,782,101 0 5003 4011,4011 42365043605504
1570963,786,7 4014 4011 4012,4012 1
1570964,790,1005 4012 801
1570965,801,101 1 784 784,784 5004
1570966,805,1105 1 775
1570967,775,1007 784 5025 4012,4012 1
1570968,779,1006 4012 808
1570969,782,101 0 5004 4011,4011 21182521802752
1570970,786,7 4014 4011 4012,4012 1
1570971,790,1005 4012 801
1570972,801,101 1 784 784,784 5005
1570973,805,1105 1 775
1570974,775,1007 784 5025 4012,4012 1
1570975,779,1006 4012 808
1570976,782,101 0 5005 4011,4011 10591260901376
1570977,786,7 4014 4011 4012,4012 1
1570978,790,1005 4012 801
1570979,801,101 1 784 784,784 5006
1570980,805,1105 1 775
1570981,775,1007 784 5025 4012,4012 1
1570982,779,1006 4012 808
1570983,782,101 0 5006 4011,4011 5295630450688
1570984,786,7 4014 4011 4012,4012 1
1570985,790,1005 4012 801
1570986,801,101 1 784 784,784 5007
1570987,805,1105 1 775
1570988,775,1007 784 5025 4012,4012 1
1570989,779,1006 4012 808
1570990,782,101 0 5007 4011,4011 2647815225344
1570991,786,7 4014 4011 4012,4012 1
1570992,790,1005 4012 801
1570993,801,101 1 784 784,784 5008
1570994,805,1105 1 775
1570995,775,1007 784 5025 4012,4012 1
1570996,779,1006 4012 808
1570997,782,101 0 5008 4011,4011 1323907612672
1570998,786,7 4014 4011 4012,4012 1
1570999,790,1005 4012 801
1571000,801,101 1 784 784,784 5009
1571001,805,1105 1 775
1571002,775,1007 784 5025 4012,4012 1
1571003,779,1006 4012 808
1571004,782,101 0 5009 4011,4011 661953806336
1571005,786,7 4014 4011 4012,4012 1
1571006,790,1005 4012 801
1571007,801,101 1 784 784,784 5010
1571008,805,1105 1 775
1571009,775,1007 784 5025 4012,4012 1
1571010,779,1006 4012 808
1571011,782,101 0 5010 4011,4011 330976903168
1571012,786,7 4014 4011 4012,4012 1
1571013,790,1005 4012 801
1571014,801,101 1 784 784,784 5011
1571015,805,1105 1 775
1571016,775,1007 784 5025 4012,4012 1
1571017,779,1006 4012 808
1571018,782,101 0 5011 4011,4011 165488451584
1571019,786,7 4014 4011 4012,4012 1
1571020,790,1005 4012 801
1571021,801,101 1 784 784,784 5012
1571022,805,1105 1 775
1571023,775,1007 784 5025 4012,4012 1
1571024,779,1006 4012 808
1571025,782,101 0 5012 4011,4011 82744225792
1571026,786,7 4014 4011 4012,4012 1
1571027,790,1005 4012 801
1571028,801,101 1 784 784,784 5013
1571029,805,1105 1 775
1571030,775,1007 784 5025 4012,4012 1
1571031,779,1006 4012 808
1571032,782,101 0 5013 4011,4011 41372112896
1571033,786,7 4014 4011 4012,4012 1
1571034,790,1005 4012 801
1571035,801,101 1 784 784,784 5014
1571036,805,1105 1 775
1571037,775,1007 784 5025 4012,4012 1
1571038,779,1006 4012 808
1571039,782,101 0 5014 4011,4011 20686056448
1571040,786,7 4014 4011 4012,4012 1
1571041,790,1005 4012 801
1571042,801,101 1 784 784,784 5015
1571043,805,1105 1 775
1571044,775,1007 784 5025 4012,4012 1
1571045,779,1006 4012 808
1571046,782,101 0 5015 4011,4011 10343028224
1571047,786,7 4014 4011 4012,4012 1
1571048,790,1005 4012 801
1571049,801,101 1 784 784,784 5016
1571050,805,1105 1 775
1571051,775,1007 784 5025 4012,4012 1
1571052,779,1006 4012 808
1571053,782,101 0 5016 4011,4011 5171514112
1571054,786,7 4014 4011 4012,4012 1
1571055,790,1005 4012 801
1571056,801,101 1 784 784,784 5017
1571057,805,1105 1 775
1571058,775,1007 784 5025 4012,4012 1
1571059,779,1006 4012 808
1571060,782,101 0 5017 4011,4011 2585757056
1571061,786,7 4014 4011 4012,4012 1
1571062,790,1005 4012 801
1571063,801,101 1 784 784,784 5018
1571064,805,1105 1 775
1571065,775,1007 784 5025 4012,4012 1
1571066,779,1006 4012 808
1571067,782,101 0 5018 4011,4011 1292878528
1571068,786,7 4014 4011 4012,4012 1
1571069,790,1005 4012 801
1571070,801,101 1 784 784,784 5019
1571071,805,1105 1 775
1571072,775,1007 784 5025 4012,4012 1
1571073,779,1006 4012 808
1571074,782,101 0 5019 4011,4011 646439264
1571075,786,7 4014 4011 4012,4012 1
1571076,790,1005 4012 801
1571077,801,101 1 784 784,784 5020
1571078,805,1105 1 775
1571079,775,1007 784 5025 4012,4012 1
1571080,779,1006 4012 808
1571081,782,101 0 5020 4011,4011 323219632
1571082,786,7 4014 4011 4012,4012 1
1571083,790,1005 4012 801
1571084,801,101 1 784 784,784 5021
1571085,805,1105 1 775
1571086,775,1007 784 5025 4012,4012 1
1571087,779,1006 4012 808
1571088,782,101 0 5021 4011,4011 161609816
1571089,786,7 4014 4011 4012,4012 1
1571090,790,1005 4012 801
1571091,801,101 1 784 784,784 5022
1571092,805,1105 1 775
1571093,775,1007 784 5025 4012,4012 1
1571094,779,1006 4012 808
1571095,782,101 0 5022 4011,4011 80804908
1571096,786,7 4014 4011 4012,4012 1
1571097,790,1005 4012 801
1571098,801,101 1 784 784,784 5023
1571099,805,1105 1 775
1571100,775,1007 784 5025 4012,4012 1
1571101,779,1006 4012 808
1571102,782,101 0 5023 4011,4011 40402454
1571103,786,7 4014 4011 4012,4012 0
1571104,790,1005 4012 801
1571105,793,102 -1 4011 4011,4011 -40402454
1571106,797,1 4014 4011 4014,4014 40125616
1571107,801,101 1 784 784,784 5024
1571108,805,1105 1 775
1571109,775,1007 784 5025 4012,4012 1
1571110,779,1006 4012 808
1571111,782,101 0 5024 4011,4011 20201227
1571112,786,7 4014 4011 4012,4012 0
1571113,790,1005 4012 801
1571114,793,102 -1 4011 4011,4011 -20201227
1571115,797,1 4014 4011 4014,4014 19924389
1571116,801,101 1 784 784,784 5025
1571117,805,1105 1 775
1571118,775,1007 784 5025 4012,4012 0
1571119,779,1006 4012 808
1571120,808,101 1 4006 4006,4006 25
1571121,812,1105 1 733
1571122,733,1007 4006 25 4012,4012 0
1571123,737,1006 4012 815
1571124,815,4 4014
1571125,817,99