1101,0,338920348844032,5000,1101,0,169460174422016,5001,1101,0,84730087211008,5002,1101,0,42365043605504,5003,1101,0,21182521802752,5004,1101,0,10591260901376,5005,1101,0,5295630450688,5006,1101,0,2647815225344,5007,1101,0,1323907612672,5008,1101,0,661953806336,5009,1101,0,330976903168,5010,1101,0,165488451584,5011,1101,0,82744225792,5012,1101,0,41372112896,5013,1101,0,20686056448,5014,1101,0,10343028224,5015,1101,0,5171514112,5016,1101,0,2585757056,5017,1101,0,1292878528,5018,1101,0,646439264,5019,1101,0,323219632,5020,1101,0,161609816,5021,1101,0,80804908,5022,1101,0,40402454,5023,1101,0,20201227,5024,1101,0,338920332066816,5100,1101,0,169460166033408,5101,1101,0,84730083016704,5102,1101,0,42365041508352,5103,1101,0,21182520754176,5104,1101,0,10591260377088,5105,1101,0,5295630188544,5106,1101,0,2647815094272,5107,1101,0,1323907547136,5108,1101,0,661953773568,5109,1101,0,330976886784,5110,1101,0,165488443392,5111,1101,0,82744221696,5112,1101,0,41372110848,5113,1101,0,20686055424,5114,1101,0,10343027712,5115,1101,0,5171513856,5116,1101,0,2585756928,5117,1101,0,1292878464,5118,1101,0,646439232,5119,1101,0,323219616,5120,1101,0,161609808,5121,1101,0,80804904,5122,1101,0,40402452,5123,1101,0,20201226,5124,1101,0,13519586,5200,1101,0,17275020,5201,1101,0,18094939,5202,1101,0,6287223,5203,1101,0,862904,5204,1101,0,13272234,5205,1101,0,12086278,5206,1101,0,1972288,5207,1101,0,16306912,5208,1101,0,5065873,5209,1101,0,12394425,5210,1101,0,7396781,5211,1101,0,15930079,5212,1101,0,1422779,5213,1101,0,6495296,5214,1101,0,10650039,5215,1101,0,14526858,5216,1101,0,13668463,5217,1101,0,16669039,5218,1101,0,17588834,5219,1101,0,13239263,5220,1101,0,5764801,5221,1101,0,2401,5222,1101,0,49,5223,1101,0,7,5224,1101,0,16777216,5300,1101,0,8388608,5301,1101,0,4194304,5302,1101,0,2097152,5303,1101,0,1048576,5304,1101,0,524288,5305,1101,0,262144,5306,1101,0,131072,5307,1101,0,65536,5308,1101,0,32768,5309,1101,0,16384,5310,1101,0,8192,5311,1101,0,4096,5312,1101,0,2048,5313,1101,0,1024,5314,1101,0,512,5315,1101,0,256,5316,1101,0,128,5317,1101,0,64,5318,1101,0,32,5319,1101,0,16,5320,1101,0,8,5321,1101,0,4,5322,1101,0,2,5323,1101,0,1,5324,1101,0,7,4005,1101,0,1,4006,1007,4006,4495,4012,1006,4012,471,101,10000,4005,422,101,0,4006,-1,102,7,4005,4005,1101,0,5022,440,1007,440,5025,4012,1006,4012,464,101,0,-1,4011,7,4005,4011,4012,1005,4012,457,102,-1,4011,4011,1,4005,4011,4005,101,1,440,440,1105,1,431,101,1,4006,4006,1105,1,408,3,4001,3,4002,1101,0,1,4003,1101,0,1,4004,1101,0,0,4006,1007,4006,4495,4012,1006,4012,684,1006,4003,582,1008,4001,1,4012,1006,4012,515,102,4495,4006,4008,1101,0,0,4003,1105,1,582,101,10000,4001,520,1001,-1,0,4011,1006,4011,541,102,4495,4006,4008,1,4008,4011,4008,1101,0,0,4003,1105,1,582,102,680915,4001,4001,1101,0,5005,558,1007,558,5025,4012,1006,4012,582,101,0,-1,4011,7,4001,4011,4012,1005,4012,575,102,-1,4011,4011,1,4001,4011,4001,101,1,558,558,1105,1,549,1006,4004,670,1008,4002,1,4012,1006,4012,603,102,4495,4006,4009,1101,0,0,4004,1105,1,670,101,10000,4002,608,1001,-1,0,4011,1006,4011,629,102,4495,4006,4009,1,4009,4011,4009,1101,0,0,4004,1105,1,670,102,680915,4002,4002,1101,0,5005,646,1007,646,5025,4012,1006,4012,670,101,0,-1,4011,7,4002,4011,4012,1005,4012,663,102,-1,4011,4011,1,4002,4011,4002,101,1,646,646,1105,1,637,2,4008,4009,4012,1005,4012,684,101,1,4006,4006,1105,1,487,2,4008,4009,4013,1101,0,5100,701,1007,701,5125,4012,1006,4012,725,101,0,-1,4011,7,4013,4011,4012,1005,4012,718,102,-1,4011,4011,1,4013,4011,4013,101,1,701,701,1105,1,692,1101,0,1,4014,1101,0,0,4006,1007,4006,25,4012,1006,4012,815,101,5300,4006,746,101,0,-1,4011,7,4013,4011,4012,1005,4012,808,102,-1,4011,4011,1,4013,4011,4013,101,5200,4006,769,2,4014,-1,4014,1101,0,5000,784,1007,784,5025,4012,1006,4012,808,101,0,-1,4011,7,4014,4011,4012,1005,4012,801,102,-1,4011,4011,1,4014,4011,4014,101,1,784,784,1105,1,775,101,1,4006,4006,1105,1,733,4,4014,99
0,0,0,0,0,0,0,0,0,0,0,0,0,0,0

1,0,1101 0 338920348844032 5000,5000 338920348844032
2,4,1101 0 169460174422016 5001,5001 169460174422016
3,8,1101 0 84730087211008 5002,5002 84730087211008
4,12,1101 0 42365043605504 5003,5003 42365043605504
5,16,1101 0 21182521802752 5004,5004 21182521802752
6,20,1101 0 10591260901376 5005,5005 10591260901376
7,24,1101 0 5295630450688 5006,5006 5295630450688
8,28,1101 0 2647815225344 5007,5007 2647815225344
9,32,1101 0 1323907612672 5008,5008 1323907612672
10,36,1101 0 661953806336 5009,5009 661953806336
11,40,1101 0 330976903168 5010,5010 330976903168
12,44,1101 0 165488451584 5011,5011 165488451584
13,48,1101 0 82744225792 5012,5012 82744225792
14,52,1101 0 41372112896 5013,5013 41372112896
15,56,1101 0 20686056448 5014,5014 20686056448
16,60,1101 0 10343028224 5015,5015 10343028224
17,64,1101 0 5171514112 5016,5016 5171514112
18,68,1101 0 2585757056 5017,5017 2585757056
19,72,1101 0 1292878528 5018,5018 1292878528
20,76,1101 0 646439264 5019,5019 646439264
21,80,1101 0 323219632 5020,5020 323219632
22,84,1101 0 161609816 5021,5021 161609816
23,88,1101 0 80804908 5022,5022 80804908
24,92,1101 0 40402454 5023,5023 40402454
25,96,1101 0 20201227 5024,5024 20201227
26,100,1101 0 338920332066816 5100,5100 338920332066816
27,104,1101 0 169460166033408 5101,5101 169460166033408
28,108,1101 0 84730083016704 5102,5102 84730083016704
29,112,1101 0 42365041508352 5103,5103 42365041508352
30,116,1101 0 21182520754176 5104,5104 21182520754176
31,120,1101 0 10591260377088 5105,5105 10591260377088
32,124,1101 0 5295630188544 5106,5106 5295630188544
33,128,1101 0 2647815094272 5107,5107 2647815094272
34,132,1101 0 1323907547136 5108,5108 1323907547136
35,136,1101 0 661953773568 5109,5109 661953773568
36,140,1101 0 330976886784 5110,5110 330976886784
37,144,1101 0 165488443392 5111,5111 165488443392
38,148,1101 0 82744221696 5112,5112 82744221696
39,152,1101 0 41372110848 5113,5113 41372110848
40,156,1101 0 20686055424 5114,5114 20686055424
41,160,1101 0 10343027712 5115,5115 10343027712
42,164,1101 0 5171513856 5116,5116 5171513856
43,168,1101 0 2585756928 5117,5117 2585756928
44,172,1101 0 1292878464 5118,5118 1292878464
45,176,1101 0 646439232 5119,5119 646439232
46,180,1101 0 323219616 5120,5120 323219616
47,184,1101 0 161609808 5121,5121 161609808
48,188,1101 0 80804904 5122,5122 80804904
49,192,1101 0 40402452 5123,5123 40402452
50,196,1101 0 20201226 5124,5124 20201226
51,200,1101 0 13519586 5200,5200 13519586
52,204,1101 0 17275020 5201,5201 17275020
53,208,1101 0 18094939 5202,5202 18094939
54,212,1101 0 6287223 5203,5203 6287223
55,216,1101 0 862904 5204,5204 862904
56,220,1101 0 13272234 5205,5205 13272234
57,224,1101 0 12086278 5206,5206 12086278
58,228,1101 0 1972288 5207,5207 1972288
59,232,1101 0 16306912 5208,5208 16306912
60,236,1101 0 5065873 5209,5209 5065873
61,240,1101 0 12394425 5210,5210 12394425
62,244,1101 0 7396781 5211,5211 7396781
63,248,1101 0 15930079 5212,5212 15930079
64,252,1101 0 1422779 5213,5213 1422779
65,256,1101 0 6495296 5214,5214 6495296
66,260,1101 0 10650039 5215,5215 10650039
67,264,1101 0 14526858 5216,5216 14526858
68,268,1101 0 13668463 5217,5217 13668463
69,272,1101 0 16669039 5218,5218 16669039
70,276,1101 0 17588834 5219,5219 17588834
71,280,1101 0 13239263 5220,5220 13239263
72,284,1101 0 5764801 5221,5221 5764801
73,288,1101 0 2401 5222,5222 2401
74,292,1101 0 49 5223,5223 49
75,296,1101 0 7 5224,5224 7
76,300,1101 0 16777216 5300,5300 16777216
77,304,1101 0 8388608 5301,5301 8388608
78,308,1101 0 4194304 5302,5302 4194304
79,312,1101 0 2097152 5303,5303 2097152
80,316,1101 0 1048576 5304,5304 1048576
81,320,1101 0 524288 5305,5305 524288
82,324,1101 0 262144 5306,5306 262144
83,328,1101 0 131072 5307,5307 131072
84,332,1101 0 65536 5308,5308 65536
85,336,1101 0 32768 5309,5309 32768
86,340,1101 0 16384 5310,5310 16384
87,344,1101 0 8192 5311,5311 8192
88,348,1101 0 4096 5312,5312 4096
89,352,1101 0 2048 5313,5313 2048
90,356,1101 0 1024 5314,5314 1024
91,360,1101 0 512 5315,5315 512
92,364,1101 0 256 5316,5316 256
93,368,1101 0 128 5317,5317 128
94,372,1101 0 64 5318,5318 64
95,376,1101 0 32 5319,5319 32
96,380,1101 0 16 5320,5320 16
97,384,1101 0 8 5321,5321 8
98,388,1101 0 4 5322,5322 4
99,392,1101 0 2 5323,5323 2
100,396,1101 0 1 5324,5324 1
101,400,1101 0 7 4005,4005 7
102,404,1101 0 1 4006,4006 1
103,408,1007 4006 4495 4012,4012 1
104,412,1006 4012 471
105,415,101 10000 4005 422,422 10007
106,419,101 0 4006 10007,10007 1
107,423,102 7 4005 4005,4005 49
108,427,1101 0 5022 440,440 5022
109,431,1007 440 5025 4012,4012 1
110,435,1006 4012 464
111,438,101 0 5022 4011,4011 80804908
112,442,7 4005 4011 4012,4012 1
113,446,1005 4012 457
114,457,101 1 440 440,440 5023
115,461,1105 1 431
116,431,1007 440 5025 4012,4012 1
117,435,1006 4012 464
118,438,101 0 5023 4011,4011 40402454
119,442,7 4005 4011 4012,4012 1
120,446,1005 4012 457
121,457,101 1 440 440,440 5024
122,461,1105 1 431
123,431,1007 440 5025 4012,4012 1
124,435,1006 4012 464
125,438,101 0 5024 4011,4011 20201227
126,442,7 4005 4011 4012,4012 1
127,446,1005 4012 457
128,457,101 1 440 440,440 5025
129,461,1105 1 431
130,431,1007 440 5025 4012,4012 0
131,435,1006 4012 464
132,464,101 1 4006 4006,4006 2
133,468,1105 1 408
134,408,1007 4006 4495 4012,4012 1
135,412,1006 4012 471
136,415,101 10000 4005 422,422 10049
137,419,101 0 4006 10049,10049 2
138,423,102 7 4005 4005,4005 343
139,427,1101 0 5022 440,440 5022
140,431,1007 440 5025 4012,4012 1
141,435,1006 4012 464
142,438,101 0 5022 4011,4011 80804908
143,442,7 4005 4011 4012,4012 1
144,446,1005 4012 457
145,457,101 1 440 440,440 5023
146,461,1105 1 431
147,431,1007 440 5025 4012,4012 1
148,435,1006 4012 464
149,438,101 0 5023 4011,4011 40402454
150,442,7 4005 4011 4012,4012 1
151,446,1005 4012 457
152,457,101 1 440 440,440 5024
153,461,1105 1 431
154,431,1007 440 5025 4012,4012 1
155,435,1006 4012 464
156,438,101 0 5024 4011,4011 20201227
157,442,7 4005 4011 4012,4012 1
158,446,1005 4012 457
159,457,101 1 440 440,440 5025
160,461,1105 1 431
161,431,1007 440 5025 4012,4012 0
162,435,1006 4012 464
163,464,101 1 4006 4006,4006 3
164,468,1105 1 408