1101,0,338920348844032,5000,1101,0,169460174422016,5001,1101,0,84730087211008,5002,1101,0,42365043605504,5003,1101,0,21182521802752,5004,1101,0,10591260901376,5005,1101,0,5295630450688,5006,1101,0,2647815225344,5007,1101,0,1323907612672,5008,1101,0,661953806336,5009,1101,0,330976903168,5010,1101,0,165488451584,5011,1101,0,82744225792,5012,1101,0,41372112896,5013,1101,0,20686056448,5014,1101,0,10343028224,5015,1101,0,5171514112,5016,1101,0,2585757056,5017,1101,0,1292878528,5018,1101,0,646439264,5019,1101,0,323219632,5020,1101,0,161609816,5021,1101,0,80804908,5022,1101,0,40402454,5023,1101,0,20201227,5024,1101,0,338920332066816,5100,1101,0,169460166033408,5101,1101,0,84730083016704,5102,1101,0,42365041508352,5103,1101,0,21182520754176,5104,1101,0,10591260377088,5105,1101,0,5295630188544,5106,1101,0,2647815094272,5107,1101,0,1323907547136,5108,1101,0,661953773568,5109,1101,0,330976886784,5110,1101,0,165488443392,5111,1101,0,82744221696,5112,1101,0,41372110848,5113,1101,0,20686055424,5114,1101,0,10343027712,5115,1101,0,5171513856,5116,1101,0,2585756928,5117,1101,0,1292878464,5118,1101,0,646439232,5119,1101,0,323219616,5120,1101,0,161609808,5121,1101,0,80804904,5122,1101,0,40402452,5123,1101,0,20201226,5124,1101,0,13519586,5200,1101,0,17275020,5201,1101,0,18094939,5202,1101,0,6287223,5203,1101,0,862904,5204,1101,0,13272234,5205,1101,0,12086278,5206,1101,0,1972288,5207,1101,0,16306912,5208,1101,0,5065873,5209,1101,0,12394425,5210,1101,0,7396781,5211,1101,0,15930079,5212,1101,0,1422779,5213,1101,0,6495296,5214,1101,0,10650039,5215,1101,0,14526858,5216,1101,0,13668463,5217,1101,0,16669039,5218,1101,0,17588834,5219,1101,0,13239263,5220,1101,0,5764801,5221,1101,0,2401,5222,1101,0,49,5223,1101,0,7,5224,1101,0,16777216,5300,1101,0,8388608,5301,1101,0,4194304,5302,1101,0,2097152,5303,1101,0,1048576,5304,1101,0,524288,5305,1101,0,262144,5306,1101,0,131072,5307,1101,0,65536,5308,1101,0,32768,5309,1101,0,16384,5310,1101,0,8192,5311,1101,0,4096,5312,1101,0,2048,5313,1101,0,1024,5314,1101,0,512,5315,1101,0,256,5316,1101,0,128,5317,1101,0,64,5318,1101,0,32,5319,1101,0,16,5320,1101,0,8,5321,1101,0,4,5322,1101,0,2,5323,1101,0,1,5324,1101,0,7,4005,1101,0,1,4006,1007,4006,4495,4012,1006,4012,471,101,10000,4005,422,101,0,4006,913286,102,7,4005,4005,1101,0,5022,440,1007,440,5025,4012,1006,4012,464,101,0,5025,4011,7,4005,4011,4012,1005,4012,457,102,-1,4011,4011,1,4005,4011,4005,101,1,440,440,1105,1,431,101,1,4006,4006,1105,1,408,3,4001,3,4002,1101,0,1,4003,1101,0,1,4004,1101,0,0,4006,1007,4006,4495,4012,1006,4012,684,1006,4003,582,1008,4001,1,4012,1006,4012,515,102,4495,4006,4008,1101,0,0,4003,1105,1,582,101,10000,4001,520,1001,-1,0,4011,1006,4011,541,102,4495,4006,4008,1,4008,4011,4008,1101,0,0,4003,1105,1,582,102,680915,4001,4001,1101,0,5005,558,1007,558,5025,4012,1006,4012,582,101,0,-1,4011,7,4001,4011,4012,1005,4012,575,102,-1,4011,4011,1,4001,4011,4001,101,1,558,558,1105,1,549,1006,4004,670,1008,4002,1,4012,1006,4012,603,102,4495,4006,4009,1101,0,0,4004,1105,1,670,101,10000,4002,608,1001,-1,0,4011,1006,4011,629,102,4495,4006,4009,1,4009,4011,4009,1101,0,0,4004,1105,1,670,102,680915,4002,4002,1101,0,5005,646,1007,646,5025,4012,1006,4012,670,101,0,-1,4011,7,4002,4011,4012,1005,4012,663,102,-1,4011,4011,1,4002,4011,4002,101,1,646,646,1105,1,637,2,4008,4009,4012,1005,4012,684,101,1,4006,4006,1105,1,487,2,4008,4009,4013,1101,0,5100,701,1007,701,5125,4012,1006,4012,725,101,0,-1,4011,7,4013,4011,4012,1005,4012,718,102,-1,4011,4011,1,4013,4011,4013,101,1,701,701,1105,1,692,1101,0,1,4014,1101,0,0,4006,1007,4006,25,4012,1006,4012,815,101,5300,4006,746,101,0,-1,4011,7,4013,4011,4012,1005,4012,808,102,-1,4011,4011,1,4013,4011,4013,101,5200,4006,769,2,4014,-1,4014,1101,0,5000,784,1007,784,5025,4012,1006,4012,808,101,0,-1,4011,7,4014,4011,4012,1005,4012,801,102,-1,4011,4011,1,4014,4011,4014,101,1,784,784,1105,1,775,101,1,4006,4006,1105,1,733,4,4014,99
0,0,0,0,0,6323002,4495,0,0,0,0,20201227,0,0,0

150915,471,3 4001,4001 9717666
150916,473,3 4002,4002 20089533
150917,475,1101 0 1 4003,4003 1
150918,479,1101 0 1 4004,4004 1
150919,483,1101 0 0 4006,4006 0
150920,487,1007 4006 4495 4012,4012 1
150921,491,1006 4012 684
150922,494,1006 4003 582
150923,497,1008 4001 1 4012,4012 0
150924,501,1006 4012 515
150925,515,101 10000 4001 520,520 9727666
150926,519,1001 9727666 0 4011,4011 0
150927,523,1006 4011 541
150928,541,102 680915 4001 4001,4001 6616904544390
150929,545,1101 0 5005 558,558 5005
150930,549,1007 558 5025 4012,4012 1
150931,553,1006 4012 582
150932,556,101 0 5005 4011,4011 10591260901376
150933,560,7 4001 4011 4012,4012 1
150934,564,1005 4012 575
150935,575,101 1 558 558,558 5006
150936,579,1105 1 549
150937,549,1007 558 5025 4012,4012 1
150938,553,1006 4012 582
150939,556,101 0 5006 4011,4011 5295630450688
150940,560,7 4001 4011 4012,4012 0
150941,564,1005 4012 575
150942,567,102 -1 4011 4011,4011 -5295630450688
150943,571,1 4001 4011 4001,4001 1321274093702
150944,575,101 1 558 558,558 5007
150945,579,1105 1 549
150946,549,1007 558 5025 4012,4012 1
150947,553,1006 4012 582
150948,556,101 0 5007 4011,4011 2647815225344
150949,560,7 4001 4011 4012,4012 1
150950,564,1005 4012 575
150951,575,101 1 558 558,558 5008
150952,579,1105 1 549
150953,549,1007 558 5025 4012,4012 1
150954,553,1006 4012 582
150955,556,101 0 5008 4011,4011 1323907612672
150956,560,7 4001 4011 4012,4012 1
150957,564,1005 4012 575
150958,575,101 1 558 558,558 5009
150959,579,1105 1 549
150960,549,1007 558 5025 4012,4012 1
150961,553,1006 4012 582
150962,556,101 0 5009 4011,4011 661953806336
150963,560,7 4001 4011 4012,4012 0
150964,564,1005 4012 575
150965,567,102 -1 4011 4011,4011 -661953806336
150966,571,1 4001 4011 4001,4001 659320287366
150967,575,101 1 558 558,558 5010
150968,579,1105 1 549
150969,549,1007 558 5025 4012,4012 1
150970,553,1006 4012 582
150971,556,101 0 5010 4011,4011 330976903168
150972,560,7 4001 4011 4012,4012 0
150973,564,1005 4012 575
150974,567,102 -1 4011 4011,4011 -330976903168
150975,571,1 4001 4011 4001,4001 328343384198
150976,575,101 1 558 558,558 5011
150977,579,1105 1 549
150978,549,1007 558 5025 4012,4012 1
150979,553,1006 4012 582
150980,556,101 0 5011 4011,4011 165488451584
150981,560,7 4001 4011 4012,4012 0
150982,564,1005 4012 575
150983,567,102 -1 4011 4011,4011 -165488451584
150984,571,1 4001 4011 4001,4001 162854932614
150985,575,101 1 558 558,558 5012
150986,579,1105 1 549
150987,549,1007 558 5025 4012,4012 1
150988,553,1006 4012 582
150989,556,101 0 5012 4011,4011 82744225792
150990,560,7 4001 4011 4012,4012 0
150991,564,1005 4012 575
150992,567,102 -1 4011 4011,4011 -82744225792
150993,571,1 4001 4011 4001,4001 80110706822
150994,575,101 1 558 558,558 5013
150995,579,1105 1 549
150996,549,1007 558 5025 4012,4012 1
150997,553,1006 4012 582
150998,556,101 0 5013 4011,4011 41372112896
150999,560,7 4001 4011 4012,4012 0
151000,564,1005 4012 575
151001,567,102 -1 4011 4011,4011 -41372112896
151002,571,1 4001 4011 4001,4001 38738593926
151003,575,101 1 558 558,558 5014
151004,579,1105 1 549
151005,549,1007 558 5025 4012,4012 1
151006,553,1006 4012 582
151007,556,101 0 5014 4011,4011 20686056448
151008,560,7 4001 4011 4012,4012 0
151009,564,1005 4012 575
151010,567,102 -1 4011 4011,4011 -20686056448
151011,571,1 4001 4011 4001,4001 18052537478
151012,575,101 1 558 558,558 5015
151013,579,1105 1 549
151014,549,1007 558 5025 4012,4012 1
151015,553,1006 4012 582
151016,556,101 0 5015 4011,4011 10343028224
151017,560,7 4001 4011 4012,4012 0
151018,564,1005 4012 575
151019,567,102 -1 4011 4011,4011 -10343028224
151020,571,1 4001 4011 4001,4001 7709509254
151021,575,101 1 558 558,558 5016
151022,579,1105 1 549
151023,549,1007 558 5025 4012,4012 1
151024,553,1006 4012 582
151025,556,101 0 5016 4011,4011 5171514112
151026,560,7 4001 4011 4012,4012 0
151027,564,1005 4012 575
151028,567,102 -1 4011 4011,4011 -5171514112
151029,571,1 4001 4011 4001,4001 2537995142
151030,575,101 1 558 558,558 5017
151031,579,1105 1 549
151032,549,1007 558 5025 4012,4012 1
151033,553,1006 4012 582
151034,556,101 0 5017 4011,4011 2585757056
151035,560,7 4001 4011 4012,4012 1
151036,564,1005 4012 575
151037,575,101 1 558 558,558 5018
151038,579,1105 1 549
151039,549,1007 558 5025 4012,4012 1
151040,553,1006 4012 582
151041,556,101 0 5018 4011,4011 1292878528
151042,560,7 4001 4011 4012,4012 0
151043,564,1005 4012 575
151044,567,102 -1 4011 4011,4011 -1292878528
151045,571,1 4001 4011 4001,4001 1245116614
151046,575,101 1 558 558,558 5019
151047,579,1105 1 549
151048,549,1007 558 5025 4012,4012 1
151049,553,1006 4012 582
151050,556,101 0 5019 4011,4011 646439264
151051,560,7 4001 4011 4012,4012 0
151052,564,1005 4012 575
151053,567,102 -1 4011 4011,4011 -646439264
151054,571,1 4001 4011 4001,4001 598677350
151055,575,101 1 558 558,558 5020
151056,579,1105 1 549
151057,549,1007 558 5025 4012,4012 1
151058,553,1006 4012 582
151059,556,101 0 5020 4011,4011 323219632
151060,560,7 4001 4011 4012,4012 0
151061,564,1005 4012 575
151062,567,102 -1 4011 4011,4011 -323219632
151063,571,1 4001 4011 4001,4001 275457718
151064,575,101 1 558 558,558 5021
151065,579,1105 1 549
151066,549,1007 558 5025 4012,4012 1
151067,553,1006 4012 582
151068,556,101 0 5021 4011,4011 161609816
151069,560,7 4001 4011 4012,4012 0
151070,564,1005 4012 575
151071,567,102 -1 4011 4011,4011 -161609816
151072,571,1 4001 4011 4001,4001 113847902
151073,575,101 1 558 558,558 5022
151074,579,1105 1 549
151075,549,1007 558 5025 4012,4012 1
151076,553,1006 4012 582
151077,556,101 0 5022 4011,4011 80804908
151078,560,7 4001 4011 4012,4012 0
151079,564,1005 4012 575
151080,567,102 -1 4011 4011,4011 -80804908
151081,571,1 4001 4011 4001,4001 33042994
151082,575,101 1 558 558,558 5023
151083,579,1105 1 549
151084,549,1007 558 5025 4012,4012 1
151085,553,1006 4012 582
151086,556,101 0 5023 4011,4011 40402454
151087,560,7 4001 4011 4012,4012 1
151088,564,1005 4012 575
151089,575,101 1 558 558,558 5024
151090,579,1105 1 549
151091,549,1007 558 5025 4012,4012 1
151092,553,1006 4012 582
151093,556,101 0 5024 4011,4011 20201227
151094,560,7 4001 4011 4012,4012 0
151095,564,1005 4012 575
151096,567,102 -1 4011 4011,4011 -20201227
151097,571,1 4001 4011 4001,4001 12841767
151098,575,101 1 558 558,558 5025
151099,579,1105 1 549
151100,549,1007 558 5025 4012,4012 0
151101,553,1006 4012 582
151102,582,1006 4004 670
151103,585,1008 4002 1 4012,4012 0
151104,589,1006 4012 603
151105,603,101 10000 4002 608,608 20099533
151106,607,1001 20099533 0 4011,4011 0
151107,611,1006 4011 629
151108,629,102 680915 4002 4002,4002 13679264362695
151109,633,1101 0 5005 646,646 5005
151110,637,1007 646 5025 4012,4012 1
151111,641,1006 4012 670
151112,644,101 0 5005 4011,4011 10591260901376
151113,648,7 4002 4011 4012,4012 0
151114,652,1005 4012 663
151115,655,102 -1 4011 4011,4011 -10591260901376
151116,659,1 4002 4011 4002,4002 3088003461319
151117,663,101 1 646 646,646 5006
151118,667,1105 1 637
151119,637,1007 646 5025 4012,4012 1
151120,641,1006 4012 670
151121,644,101 0 5006 4011,4011 5295630450688
151122,648,7 4002 4011 4012,4012 1
151123,652,1005 4012 663
151124,663,101 1 646 646,646 5007
151125,667,1105 1 637
151126,637,1007 646 5025 4012,4012 1
151127,641,1006 4012 670
151128,644,101 0 5007 4011,4011 2647815225344
151129,648,7 4002 4011 4012,4012 0
151130,652,1005 4012 663
151131,655,102 -1 4011 4011,4011 -2647815225344
151132,659,1 4002 4011 4002,4002 440188235975
151133,663,101 1 646 646,646 5008
151134,667,1105 1 637
151135,637,1007 646 5025 4012,4012 1
151136,641,1006 4012 670
151137,644,101 0 5008 4011,4011 1323907612672
151138,648,7 4002 4011 4012,4012 1
151139,652,1005 4012 663
151140,663,101 1 646 646,646 5009
151141,667,1105 1 637
151142,637,1007 646 5025 4012,4012 1
151143,641,1006 4012 670
151144,644,101 0 5009 4011,4011 661953806336
151145,648,7 4002 4011 4012,4012 1
151146,652,1005 4012 663
151147,663,101 1 646 646,646 5010
151148,667,1105 1 637
151149,637,1007 646 5025 4012,4012 1
151150,641,1006 4012 670
151151,644,101 0 5010 4011,4011 330976903168
151152,648,7 4002 4011 4012,4012 0
151153,652,1005 4012 663
151154,655,102 -1 4011 4011,4011 -330976903168
151155,659,1 4002 4011 4002,4002 109211332807
151156,663,101 1 646 646,646 5011
151157,667,1105 1 637
151158,637,1007 646 5025 4012,4012 1
151159,641,1006 4012 670
151160,644,101 0 5011 4011,4011 165488451584
151161,648,7 4002 4011 4012,4012 1
151162,652,1005 4012 663
151163,663,101 1 646 646,646 5012
151164,667,1105 1 637
151165,637,1007 646 5025 4012,4012 1
151166,641,1006 4012 670
151167,644,101 0 5012 4011,4011 82744225792
151168,648,7 4002 4011 4012,4012 0
151169,652,1005 4012 663
151170,655,102 -1 4011 4011,4011 -82744225792
151171,659,1 4002 4011 4002,4002 26467107015
151172,663,101 1 646 646,646 5013
151173,667,1105 1 637
151174,637,1007 646 5025 4012,4012 1
151175,641,1006 4012 670
151176,644,101 0 5013 4011,4011 41372112896
151177,648,7 4002 4011 4012,4012 1
151178,652,1005 4012 663
151179,663,101 1 646 646,646 5014
151180,667,1105 1 637
151181,637,1007 646 5025 4012,4012 1
151182,641,1006 4012 670
151183,644,101 0 5014 4011,4011 20686056448
151184,648,7 4002 4011 4012,4012 0
151185,652,1005 4012 663
151186,655,102 -1 4011 4011,4011 -20686056448
151187,659,1 4002 4011 4002,4002 5781050567
151188,663,101 1 646 646,646 5015
151189,667,1105 1 637
151190,637,1007 646 5025 4012,4012 1
151191,641,1006 4012 670
151192,644,101 0 5015 4011,4011 10343028224
151193,648,7 4002 4011 4012,4012 1
151194,652,1005 4012 663
151195,663,101 1 646 646,646 5016
151196,667,1105 1 637
151197,637,1007 646 5025 4012,4012 1
151198,641,1006 4012 670
151199,644,101 0 5016 4011,4011 5171514112
151200,648,7 4002 4011 4012,4012 0
151201,652,1005 4012 663
151202,655,102 -1 4011 4011,4011 -5171514112
151203,659,1 4002 4011 4002,4002 609536455
151204,663,101 1 646 646,646 5017
151205,667,1105 1 637
151206,637,1007 646 5025 4012,4012 1
151207,641,1006 4012 670
151208,644,101 0 5017 4011,4011 2585757056
151209,648,7 4002 4011 4012,4012 1
151210,652,1005 4012 663
151211,663,101 1 646 646,646 5018
151212,667,1105 1 637
151213,637,1007 646 5025 4012,4012 1
151214,641,1006 4012 670
151215,644,101 0 5018 4011,4011 1292878528
151216,648,7 4002 4011 4012,4012 1
151217,652,1005 4012 663
151218,663,101 1 646 646,646 5019
151219,667,1105 1 637
151220,637,1007 646 5025 4012,4012 1
151221,641,1006 4012 670
151222,644,101 0 5019 4011,4011 646439264
151223,648,7 4002 4011 4012,4012 1
151224,652,1005 4012 663
151225,663,101 1 646 646,646 5020
151226,667,1105 1 637
151227,637,1007 646 5025 4012,4012 1
151228,641,1006 4012 670
151229,644,101 0 5020 4011,4011 323219632
151230,648,7 4002 4011 4012,4012 0
151231,652,1005 4012 663
151232,655,102 -1 4011 4011,4011 -323219632
151233,659,1 4002 4011 4002,4002 286316823
151234,663,101 1 646 646,646 5021
151235,667,1105 1 637
151236,637,1007 646 5025 4012,4012 1
151237,641,1006 4012 670
151238,644,101 0 5021 4011,4011 161609816
151239,648,7 4002 4011 4012,4012 0
151240,652,1005 4012 663
151241,655,102 -1 4011 4011,4011 -161609816
151242,659,1 4002 4011 4002,4002 124707007
151243,663,101 1 646 646,646 5022
151244,667,1105 1 637
151245,637,1007 646 5025 4012,4012 1
151246,641,1006 4012 670
151247,644,101 0 5022 4011,4011 80804908
151248,648,7 4002 4011 4012,4012 0
151249,652,1005 4012 663
151250,655,102 -1 4011 4011,4011 -80804908
151251,659,1 4002 4011 4002,4002 43902099
151252,663,101 1 646 646,646 5023
151253,667,1105 1 637
151254,637,1007 646 5025 4012,4012 1
151255,641,1006 4012 670
151256,644,101 0 5023 4011,4011 40402454
151257,648,7 4002 4011 4012,4012 0
151258,652,1005 4012 663
151259,655,102 -1 4011 4011,4011 -40402454
151260,659,1 4002 4011 4002,4002 3499645
151261,663,101 1 646 646,646 5024
151262,667,1105 1 637
151263,637,1007 646 5025 4012,4012 1
151264,641,1006 4012 670
151265,644,101 0 5024 4011,4011 20201227
151266,648,7 4002 4011 4012,4012 1
151267,652,1005 4012 663
151268,663,101 1 646 646,646 5025
151269,667,1105 1 637
151270,637,1007 646 5025 4012,4012 0
151271,641,1006 4012 670
151272,670,2 4008 4009 4012,4012 0
151273,674,1005 4012 684
151274,677,101 1 4006 4006,4006 1
151275,681,1105 1 487
151276,487,1007 4006 4495 4012,4012 1
151277,491,1006 4012 684
151278,494,1006 4003 582
151279,497,1008 4001 1 4012,4012 0
151280,501,1006 4012 515
151281,515,101 10000 4001 520,520 12851767
151282,519,1001 12851767 0 4011,4011 0
151283,523,1006 4011 541
151284,541,102 680915 4001 4001,4001 8744151776805
151285,545,1101 0 5005 558,558 5005
151286,549,1007 558 5025 4012,4012 1
151287,553,1006 4012 582
151288,556,101 0 5005 4011,4011 10591260901376
151289,560,7 4001 4011 4012,4012 1
151290,564,1005 4012 575
151291,575,101 1 558 558,558 5006
151292,579,1105 1 549
151293,549,1007 558 5025 4012,4012 1
151294,553,1006 4012 582
151295,556,101 0 5006 4011,4011 5295630450688
151296,560,7 4001 4011 4012,4012 0
151297,564,1005 4012 575
151298,567,102 -1 4011 4011,4011 -5295630450688
151299,571,1 4001 4011 4001,4001 3448521326117
151300,575,101 1 558 558,558 5007
151301,579,1105 1 549
151302,549,1007 558 5025 4012,4012 1
151303,553,1006 4012 582
151304,556,101 0 5007 4011,4011 2647815225344
151305,560,7 4001 4011 4012,4012 0
151306,564,1005 4012 575
151307,567,102 -1 4011 4011,4011 -2647815225344
151308,571,1 4001 4011 4001,4001 800706100773
151309,575,101 1 558 558,558 5008
151310,579,1105 1 549
151311,549,1007 558 5025 4012,4012 1
151312,553,1006 4012 582
151313,556,101 0 5008 4011,4011 1323907612672
151314,560,7 4001 4011 4012,4012 1
151315,564,1005 4012 575
151316,575,101 1 558 558,558 5009
151317,579,1105 1 549
151318,549,1007 558 5025 4012,4012 1
151319,553,1006 4012 582
151320,556,101 0 5009 4011,4011 661953806336
151321,560,7 4001 4011 4012,4012 0
151322,564,1005 4012 575
151323,567,102 -1 4011 4011,4011 -661953806336
151324,571,1 4001 4011 4001,4001 138752294437
151325,575,101 1 558 558,558 5010
151326,579,1105 1 549
151327,549,1007 558 5025 4012,4012 1
151328,553,1006 4012 582
151329,556,101 0 5010 4011,4011 330976903168
151330,560,7 4001 4011 4012,4012 1
151331,564,1005 4012 575
151332,575,101 1 558 558,558 5011
151333,579,1105 1 549
151334,549,1007 558 5025 4012,4012 1
151335,553,1006 4012 582
151336,556,101 0 5011 4011,4011 165488451584
151337,560,7 4001 4011 4012,4012 1
151338,564,1005 4012 575
151339,575,101 1 558 558,558 5012
151340,579,1105 1 549
151341,549,1007 558 5025 4012,4012 1
151342,553,1006 4012 582
151343,556,101 0 5012 4011,4011 82744225792
151344,560,7 4001 4011 4012,4012 0
151345,564,1005 4012 575
151346,567,102 -1 4011 4011,4011 -82744225792
151347,571,1 4001 4011 4001,4001 56008068645
151348,575,101 1 558 558,558 5013
151349,579,1105 1 549
151350,549,1007 558 5025 4012,4012 1
151351,553,1006 4012 582
151352,556,101 0 5013 4011,4011 41372112896
151353,560,7 4001 4011 4012,4012 0
151354,564,1005 4012 575
151355,567,102 -1 4011 4011,4011 -41372112896
151356,571,1 4001 4011 4001,4001 14635955749
151357,575,101 1 558 558,558 5014
151358,579,1105 1 549
151359,549,1007 558 5025 4012,4012 1
151360,553,1006 4012 582
151361,556,101 0 5014 4011,4011 20686056448
151362,560,7 4001 4011 4012,4012 1
151363,564,1005 4012 575
151364,575,101 1 558 558,558 5015
151365,579,1105 1 549
151366,549,1007 558 5025 4012,4012 1
151367,553,1006 4012 582
151368,556,101 0 5015 4011,4011 10343028224
151369,560,7 4001 4011 4012,4012 0
151370,564,1005 4012 575
151371,567,102 -1 4011 4011,4011 -10343028224
151372,571,1 4001 4011 4001,4001 4292927525
151373,575,101 1 558 558,558 5016
151374,579,1105 1 549
151375,549,1007 558 5025 4012,4012 1
151376,553,1006 4012 582
151377,556,101 0 5016 4011,4011 5171514112
151378,560,7 4001 4011 4012,4012 1
151379,564,1005 4012 575
151380,575,101 1 558 558,558 5017
151381,579,1105 1 549
151382,549,1007 558 5025 4012,4012 1
151383,553,1006 4012 582
151384,556,101 0 5017 4011,4011 2585757056
151385,560,7 4001 4011 4012,4012 0
151386,564,1005 4012 575
151387,567,102 -1 4011 4011,4011 -2585757056
151388,571,1 4001 4011 4001,4001 1707170469
151389,575,101 1 558 558,558 5018
151390,579,1105 1 549
151391,549,1007 558 5025 4012,4012 1
151392,553,1006 4012 582
151393,556,101 0 5018 4011,4011 1292878528
151394,560,7 4001 4011 4012,4012 0
151395,564,1005 4012 575
151396,567,102 -1 4011 4011,4011 -1292878528
151397,571,1 4001 4011 4001,4001 414291941
151398,575,101 1 558 558,558 5019
151399,579,1105 1 549
151400,549,1007 558 5025 4012,4012 1
151401,553,1006 4012 582
151402,556,101 0 5019 4011,4011 646439264
151403,560,7 4001 4011 4012,4012 1
151404,564,1005 4012 575
151405,575,101 1 558 558,558 5020
151406,579,1105 1 549
151407,549,1007 558 5025 4012,4012 1
151408,553,1006 4012 582
151409,556,101 0 5020 4011,4011 323219632
151410,560,7 4001 4011 4012,4012 0
151411,564,1005 4012 575
151412,567,102 -1 4011 4011,4011 -323219632
151413,571,1 4001 4011 4001,4001 91072309
151414,575,101 1 558 558,558 5021
151415,579,1105 1 549
151416,549,1007 558 5025 4012,4012 1
151417,553,1006 4012 582
151418,556,101 0 5021 4011,4011 161609816
151419,560,7 4001 4011 4012,4012 1
151420,564,1005 4012 575
151421,575,101 1 558 558,558 5022
151422,579,1105 1 549
151423,549,1007 558 5025 4012,4012 1
151424,553,1006 4012 582
151425,556,101 0 5022 4011,4011 80804908
151426,560,7 4001 4011 4012,4012 0
151427,564,1005 4012 575
151428,567,102 -1 4011 4011,4011 -80804908
151429,571,1 4001 4011 4001,4001 10267401
151430,575,101 1 558 558,558 5023
151431,579,1105 1 549
151432,549,1007 558 5025 4012,4012 1
151433,553,1006 4012 582
151434,556,101 0 5023 4011,4011 40402454
151435,560,7 4001 4011 4012,4012 1
151436,564,1005 4012 575
151437,575,101 1 558 558,558 5024
151438,579,1105 1 549
151439,549,1007 558 5025 4012,4012 1
151440,553,1006 4012 582
151441,556,101 0 5024 4011,4011 20201227
151442,560,7 4001 4011 4012,4012 1
151443,564,1005 4012 575
151444,575,101 1 558 558,558 5025
151445,579,1105 1 549
151446,549,1007 558 5025 4012,4012 0
151447,553,1006 4012 582
151448,582,1006 4004 670
151449,585,1008 4002 1 4012,4012 0
151450,589,1006 4012 603
151451,603,101 10000 4002 608,608 3509645
151452,607,1001 3509645 0 4011,4011 0
151453,611,1006 4011 629
151454,629,102 680915 4002 4002,4002 2382960775175
151455,633,1101 0 5005 646,646 5005
151456,637,1007 646 5025 4012,4012 1
151457,641,1006 4012 670
151458,644,101 0 5005 4011,4011 10591260901376
151459,648,7 4002 4011 4012,4012 1
151460,652,1005 4012 663
151461,663,101 1 646 646,646 5006
151462,667,1105 1 637
151463,637,1007 646 5025 4012,4012 1
151464,641,1006 4012 670
151465,644,101 0 5006 4011,4011 5295630450688
151466,648,7 4002 4011 4012,4012 1
151467,652,1005 4012 663
151468,663,101 1 646 646,646 5007
151469,667,1105 1 637
151470,637,1007 646 5025 4012,4012 1
151471,641,1006 4012 670
151472,644,101 0 5007 4011,4011 2647815225344
151473,648,7 4002 4011 4012,4012 1
151474,652,1005 4012 663
151475,663,101 1 646 646,646 5008
151476,667,1105 1 637
151477,637,1007 646 5025 4012,4012 1
151478,641,1006 4012 670
151479,644,101 0 5008 4011,4011 1323907612672
151480,648,7 4002 4011 4012,4012 0
151481,652,1005 4012 663
151482,655,102 -1 4011 4011,4011 -1323907612672
151483,659,1 4002 4011 4002,4002 1059053162503
151484,663,101 1 646 646,646 5009
151485,667,1105 1 637
151486,637,1007 646 5025 4012,4012 1
151487,641,1006 4012 670
151488,644,101 0 5009 4011,4011 661953806336
151489,648,7 4002 4011 4012,4012 0
151490,652,1005 4012 663
151491,655,102 -1 4011 4011,4011 -661953806336
151492,659,1 4002 4011 4002,4002 397099356167
151493,663,101 1 646 646,646 5010
151494,667,1105 1 637
151495,637,1007 646 5025 4012,4012 1
151496,641,1006 4012 670
151497,644,101 0 5010 4011,4011 330976903168
151498,648,7 4002 4011 4012,4012 0
151499,652,1005 4012 663
151500,655,102 -1 4011 4011,4011 -330976903168
151501,659,1 4002 4011 4002,4002 66122452999
151502,663,101 1 646 646,646 5011
151503,667,1105 1 637
151504,637,1007 646 5025 4012,4012 1
151505,641,1006 4012 670
151506,644,101 0 5011 4011,4011 165488451584
151507,648,7 4002 4011 4012,4012 1
151508,652,1005 4012 663
151509,663,101 1 646 646,646 5012
151510,667,1105 1 637
151511,637,1007 646 5025 4012,4012 1
151512,641,1006 4012 670
151513,644,101 0 5012 4011,4011 82744225792
151514,648,7 4002 4011 4012,4012 1
151515,652,1005 4012 663
151516,663,101 1 646 646,646 5013
151517,667,1105 1 637
151518,637,1007 646 5025 4012,4012 1
151519,641,1006 4012 670
151520,644,101 0 5013 4011,4011 41372112896
151521,648,7 4002 4011 4012,4012 0
151522,652,1005 4012 663
151523,655,102 -1 4011 4011,4011 -41372112896
151524,659,1 4002 4011 4002,4002 24750340103
151525,663,101 1 646 646,646 5014
151526,667,1105 1 637
151527,637,1007 646 5025 4012,4012 1
151528,641,1006 4012 670
151529,644,101 0 5014 4011,4011 20686056448
151530,648,7 4002 4011 4012,4012 0
151531,652,1005 4012 663
151532,655,102 -1 4011 4011,4011 -20686056448
151533,659,1 4002 4011 4002,4002 4064283655
151534,663,101 1 646 646,646 5015
151535,667,1105 1 637
151536,637,1007 646 5025 4012,4012 1
151537,641,1006 4012 670
151538,644,101 0 5015 4011,4011 10343028224
151539,648,7 4002 4011 4012,4012 1
151540,652,1005 4012 663
151541,663,101 1 646 646,646 5016
151542,667,1105 1 637
151543,637,1007 646 5025 4012,4012 1
151544,641,1006 4012 670
151545,644,101 0 5016 4011,4011 5171514112
151546,648,7 4002 4011 4012,4012 1
151547,652,1005 4012 663
151548,663,101 1 646 646,646 5017
151549,667,1105 1 637
151550,637,1007 646 5025 4012,4012 1
151551,641,1006 4012 670
151552,644,101 0 5017 4011,4011 2585757056
151553,648,7 4002 4011 4012,4012 0
151554,652,1005 4012 663
151555,655,102 -1 4011 4011,4011 -2585757056
151556,659,1 4002 4011 4002,4002 1478526599
151557,663,101 1 646 646,646 5018
151558,667,1105 1 637
151559,637,1007 646 5025 4012,4012 1
151560,641,1006 4012 670
151561,644,101 0 5018 4011,4011 1292878528
151562,648,7 4002 4011 4012,4012 0
151563,652,1005 4012 663
151564,655,102 -1 4011 4011,4011 -1292878528
151565,659,1 4002 4011 4002,4002 185648071
151566,663,101 1 646 646,646 5019
151567,667,1105 1 637
151568,637,1007 646 5025 4012,4012 1
151569,641,1006 4012 670
151570,644,101 0 5019 4011,4011 646439264
151571,648,7 4002 4011 4012,4012 1
151572,652,1005 4012 663
151573,663,101 1 646 646,646 5020
151574,667,1105 1 637
151575,637,1007 646 5025 4012,4012 1
151576,641,1006 4012 670
151577,644,101 0 5020 4011,4011 323219632
151578,648,7 4002 4011 4012,4012 1
151579,652,1005 4012 663
151580,663,101 1 646 646,646 5021
151581,667,1105 1 637
151582,637,1007 646 5025 4012,4012 1
151583,641,1006 4012 670
151584,644,101 0 5021 4011,4011 161609816
151585,648,7 4002 4011 4012,4012 0
151586,652,1005 4012 663
151587,655,102 -1 4011 4011,4011 -161609816
151588,659,1 4002 4011 4002,4002 24038255
151589,663,101 1 646 646,646 5022
151590,667,1105 1 637
151591,637,1007 646 5025 4012,4012 1
151592,641,1006 4012 670
151593,644,101 0 5022 4011,4011 80804908
151594,648,7 4002 4011 4012,4012 1
151595,652,1005 4012 663
151596,663,101 1 646 646,646 5023
151597,667,1105 1 637
151598,637,1007 646 5025 4012,4012 1
151599,641,1006 4012 670
151600,644,101 0 5023 4011,4011 40402454
151601,648,7 4002 4011 4012,4012 1
151602,652,1005 4012 663
151603,663,101 1 646 646,646 5024
151604,667,1105 1 637
151605,637,1007 646 5025 4012,4012 1
151606,641,1006 4012 670
151607,644,101 0 5024 4011,4011 20201227
151608,648,7 4002 4011 4012,4012 0
151609,652,1005 4012 663
151610,655,102 -1 4011 4011,4011 -20201227
151611,659,1 4002 4011 4002,4002 3837028
151612,663,101 1 646 646,646 5025
151613,667,1105 1 637
151614,637,1007 646 5025 4012,4012 0
151615,641,1006 4012 670
151616,670,2 4008 4009 4012,4012 0
151617,674,1005 4012 684
151618,677,101 1 4006 4006,4006 2
151619,681,1105 1 487