684,2 4008 4009 4013,4013 340165764947533
688,1101 0 5100 701,701 5100
692,1007 701 5125 4012,4012 1
696,1006 4012 725
699,101 0 5100 4011,4011 338920332066816
703,7 4013 4011 4012,4012 0
707,1005 4012 718
710,102 -1 4011 4011,4011 -338920332066816
714,1 4013 4011 4013,4013 1245432880717
718,101 1 701 701,701 5101
722,1105 1 692
692,1007 701 5125 4012,4012 1
696,1006 4012 725
699,101 0 5101 4011,4011 169460166033408
703,7 4013 4011 4012,4012 1
707,1005 4012 718
718,101 1 701 701,701 5102
722,1105 1 692
692,1007 701 5125 4012,4012 1
696,1006 4012 725
699,101 0 5102 4011,4011 84730083016704
703,7 4013 4011 4012,4012 1
707,1005 4012 718
718,101 1 701 701,701 5103
722,1105 1 692
692,1007 701 5125 4012,4012 1
696,1006 4012 725
699,101 0 5103 4011,4011 42365041508352
703,7 4013 4011 4012,4012 1
707,1005 4012 718
718,101 1 701 701,701 5104
722,1105 1 692
692,1007 701 5125 4012,4012 1
696,1006 4012 725
699,101 0 5104 4011,4011 21182520754176
703,7 4013 4011 4012,4012 1
707,1005 4012 718
718,101 1 701 701,701 5105
722,1105 1 692
692,1007 701 5125 4012,4012 1
696,1006 4012 725
699,101 0 5105 4011,4011 10591260377088
703,7 4013 4011 4012,4012 1
707,1005 4012 718
718,101 1 701 701,701 5106
722,1105 1 692
692,1007 701 5125 4012,4012 1
696,1006 4012 725
699,101 0 5106 4011,4011 5295630188544
703,7 4013 4011 4012,4012 1
707,1005 4012 718
718,101 1 701 701,701 5107
722,1105 1 692
692,1007 701 5125 4012,4012 1
696,1006 4012 725
699,101 0 5107 4011,4011 2647815094272
703,7 4013 4011 4012,4012 1
707,1005 4012 718
718,101 1 701 701,701 5108
722,1105 1 692
692,1007 701 5125 4012,4012 1
696,1006 4012 725
699,101 0 5108 4011,4011 1323907547136
703,7 4013 4011 4012,4012 1
707,1005 4012 718
718,101 1 701 701,701 5109
722,1105 1 692
692,1007 701 5125 4012,4012 1
696,1006 4012 725
699,101 0 5109 4011,4011 661953773568
703,7 4013 4011 4012,4012 0
707,1005 4012 718
710,102 -1 4011 4011,4011 -661953773568
714,1 4013 4011 4013,4013 583479107149
718,101 1 701 701,701 5110
722,1105 1 692
692,1007 701 5125 4012,4012 1
696,1006 4012 725
699,101 0 5110 4011,4011 330976886784
703,7 4013 4011 4012,4012 0
707,1005 4012 718
710,102 -1 4011 4011,4011 -330976886784
714,1 4013 4011 4013,4013 252502220365
718,101 1 701 701,701 5111
722,1105 1 692
692,1007 701 5125 4012,4012 1
696,1006 4012 725
699,101 0 5111 4011,4011 165488443392
703,7 4013 4011 4012,4012 0
707,1005 4012 718
710,102 -1 4011 4011,4011 -165488443392
714,1 4013 4011 4013,4013 87013776973
718,101 1 701 701,701 5112
722,1105 1 692
692,1007 701 5125 4012,4012 1
696,1006 4012 725
699,101 0 5112 4011,4011 82744221696
703,7 4013 4011 4012,4012 0
707,1005 4012 718
710,102 -1 4011 4011,4011 -82744221696
714,1 4013 4011 4013,4013 4269555277
718,101 1 701 701,701 5113
722,1105 1 692
692,1007 701 5125 4012,4012 1
696,1006 4012 725
699,101 0 5113 4011,4011 41372110848
703,7 4013 4011 4012,4012 1
707,1005 4012 718
718,101 1 701 701,701 5114
722,1105 1 692
692,1007 701 5125 4012,4012 1
696,1006 4012 725
699,101 0 5114 4011,4011 20686055424
703,7 4013 4011 4012,4012 1
707,1005 4012 718
718,101 1 701 701,701 5115
722,1105 1 692
692,1007 701 5125 4012,4012 1
696,1006 4012 725
699,101 0 5115 4011,4011 10343027712
703,7 4013 4011 4012,4012 1
707,1005 4012 718
718,101 1 701 701,701 5116
722,1105 1 692
692,1007 701 5125 4012,4012 1
696,1006 4012 725
699,101 0 5116 4011,4011 5171513856
703,7 4013 4011 4012,4012 1
707,1005 4012 718
718,101 1 701 701,701 5117
722,1105 1 692
692,1007 701 5125 4012,4012 1
696,1006 4012 725
699,101 0 5117 4011,4011 2585756928
703,7 4013 4011 4012,4012 0
707,1005 4012 718
710,102 -1 4011 4011,4011 -2585756928
714,1 4013 4011 4013,4013 1683798349
718,101 1 701 701,701 5118
722,1105 1 692
692,1007 701 5125 4012,4012 1
696,1006 4012 725
699,101 0 5118 4011,4011 1292878464
703,7 4013 4011 4012,4012 0
707,1005 4012 718
710,102 -1 4011 4011,4011 -1292878464
714,1 4013 4011 4013,4013 390919885
718,101 1 701 701,701 5119
722,1105 1 692
692,1007 701 5125 4012,4012 1
696,1006 4012 725
699,101 0 5119 4011,4011 646439232
703,7 4013 4011 4012,4012 1
707,1005 4012 718
718,101 1 701 701,701 5120
722,1105 1 692
692,1007 701 5125 4012,4012 1
696,1006 4012 725
699,101 0 5120 4011,4011 323219616
703,7 4013 4011 4012,4012 0
707,1005 4012 718
710,102 -1 4011 4011,4011 -323219616
714,1 4013 4011 4013,4013 67700269
718,101 1 701 701,701 5121
722,1105 1 692
692,1007 701 5125 4012,4012 1
696,1006 4012 725
699,101 0 5121 4011,4011 161609808
703,7 4013 4011 4012,4012 1
707,1005 4012 718
718,101 1 701 701,701 5122
722,1105 1 692
692,1007 701 5125 4012,4012 1
696,1006 4012 725
699,101 0 5122 4011,4011 80804904
703,7 4013 4011 4012,4012 1
707,1005 4012 718
718,101 1 701 701,701 5123
722,1105 1 692
692,1007 701 5125 4012,4012 1
696,1006 4012 725
699,101 0 5123 4011,4011 40402452
703,7 4013 4011 4012,4012 0
707,1005 4012 718
710,102 -1 4011 4011,4011 -40402452
714,1 4013 4011 4013,4013 27297817
718,101 1 701 701,701 5124
722,1105 1 692
692,1007 701 5125 4012,4012 1
696,1006 4012 725
699,101 0 5124 4011,4011 20201226
703,7 4013 4011 4012,4012 0
707,1005 4012 718
710,102 -1 4011 4011,4011 -20201226
714,1 4013 4011 4013,4013 7096591
718,101 1 701 701,701 5125
722,1105 1 692
692,1007 701 5125 4012,4012 0
696,1006 4012 725
725,1101 0 1 4014,4014 1
729,1101 0 0 4006,4006 0
733,1007 4006 25 4012,4012 1
737,1006 4012 815
740,101 5300 4006 746,746 5300
744,101 0 5300 4011,4011 16777216
748,7 4013 4011 4012,4012 1
752,1005 4012 808
808,101 1 4006 4006,4006 1
812,1105 1 733
733,1007 4006 25 4012,4012 1
737,1006 4012 815
740,101 5300 4006 746,746 5301
744,101 0 5301 4011,4011 8388608
748,7 4013 4011 4012,4012 1
752,1005 4012 808
808,101 1 4006 4006,4006 2
812,1105 1 733
733,1007 4006 25 4012,4012 1
737,1006 4012 815
740,101 5300 4006 746,746 5302
744,101 0 5302 4011,4011 4194304
748,7 4013 4011 4012,4012 0
752,1005 4012 808
755,102 -1 4011 4011,4011 -4194304
759,1 4013 4011 4013,4013 2902287
763,101 5200 4006 769,769 5202
767,2 4014 5202 4014,4014 18094939
771,1101 0 5000 784,784 5000
775,1007 784 5025 4012,4012 1
779,1006 4012 808
782,101 0 5000 4011,4011 338920348844032
786,7 4014 4011 4012,4012 1
790,1005 4012 801
801,101 1 784 784,784 5001
805,1105 1 775
775,1007 784 5025 4012,4012 1
779,1006 4012 808
782,101 0 5001 4011,4011 169460174422016
786,7 4014 4011 4012,4012 1
790,1005 4012 801
801,101 1 784 784,784 5002
805,1105 1 775
775,1007 784 5025 4012,4012 1
779,1006 4012 808
782,101 0 5002 4011,4011 84730087211008
786,7 4014 4011 4012,4012 1
790,1005 4012 801
801,101 1 784 784,784 5003
805,1105 1 775
775,1007 784 5025 4012,4012 1
779,1006 4012 808
782,101 0 5003 4011,4011 42365043605504
786,7 4014 4011 4012,4012 1
790,1005 4012 801
801,101 1 784 784,784 5004
805,1105 1 775
775,1007 784 5025 4012,4012 1
779,1006 4012 808
782,101 0 5004 4011,4011 21182521802752
786,7 4014 4011 4012,4012 1
790,1005 4012 801
801,101 1 784 784,784 5005
805,1105 1 775
775,1007 784 5025 4012,4012 1
779,1006 4012 808
782,101 0 5005 4011,4011 10591260901376
786,7 4014 4011 4012,4012 1
790,1005 4012 801
801,101 1 784 784,784 5006
805,1105 1 775
775,1007 784 5025 4012,4012 1
779,1006 4012 808
782,101 0 5006 4011,4011 5295630450688
786,7 4014 4011 4012,4012 1
790,1005 4012 801
801,101 1 784 784,784 5007
805,1105 1 775
775,1007 784 5025 4012,4012 1
779,1006 4012 808
782,101 0 5007 4011,4011 2647815225344
786,7 4014 4011 4012,4012 1
790,1005 4012 801
801,101 1 784 784,784 5008
805,1105 1 775
775,1007 784 5025 4012,4012 1
779,1006 4012 808
782,101 0 5008 4011,4011 1323907612672
786,7 4014 4011 4012,4012 1
790,1005 4012 801
801,101 1 784 784,784 5009
805,1105 1 775
775,1007 784 5025 4012,4012 1
779,1006 4012 808
782,101 0 5009 4011,4011 661953806336
786,7 4014 4011 4012,4012 1
790,1005 4012 801
801,101 1 784 784,784 5010
805,1105 1 775
775,1007 784 5025 4012,4012 1
779,1006 4012 808
782,101 0 5010 4011,4011 330976903168
786,7 4014 4011 4012,4012 1
790,1005 4012 801
801,101 1 784 784,784 5011
805,1105 1 775
775,1007 784 5025 4012,4012 1
779,1006 4012 808
782,101 0 5011 4011,4011 165488451584
786,7 4014 4011 4012,4012 1
790,1005 4012 801
801,101 1 784 784,784 5012
805,1105 1 775
775,1007 784 5025 4012,4012 1
779,1006 4012 808
782,101 0 5012 4011,4011 82744225792
786,7 4014 4011 4012,4012 1
790,1005 4012 801
801,101 1 784 784,784 5013
805,1105 1 775
775,1007 784 5025 4012,4012 1
779,1006 4012 808
782,101 0 5013 4011,4011 41372112896
786,7 4014 4011 4012,4012 1
790,1005 4012 801
801,101 1 784 784,784 5014
805,1105 1 775
775,1007 784 5025 4012,4012 1
779,1006 4012 808
782,101 0 5014 4011,4011 20686056448
786,7 4014 4011 4012,4012 1
790,1005 4012 801
801,101 1 784 784,784 5015
805,1105 1 775
775,1007 784 5025 4012,4012 1
779,1006 4012 808
782,101 0 5015 4011,4011 10343028224
786,7 4014 4011 4012,4012 1
790,1005 4012 801
801,101 1 784 784,784 5016
805,1105 1 775
775,1007 784 5025 4012,4012 1
779,1006 4012 808
782,101 0 5016 4011,4011 5171514112
786,7 4014 4011 4012,4012 1
790,1005 4012 801
801,101 1 784 784,784 5017
805,1105 1 775
775,1007 784 5025 4012,4012 1
779,1006 4012 808
782,101 0 5017 4011,4011 2585757056
786,7 4014 4011 4012,4012 1
790,1005 4012 801
801,101 1 784 784,784 5018
805,1105 1 775
775,1007 784 5025 4012,4012 1
779,1006 4012 808
782,101 0 5018 4011,4011 1292878528
786,7 4014 4011 4012,4012 1
790,1005 4012 801
801,101 1 784 784,784 5019
805,1105 1 775
775,1007 784 5025 4012,4012 1
779,1006 4012 808
782,101 0 5019 4011,4011 646439264
786,7 4014 4011 4012,4012 1
790,1005 4012 801
801,101 1 784 784,784 5020
805,1105 1 775
775,1007 784 5025 4012,4012 1
779,1006 4012 808
782,101 0 5020 4011,4011 323219632
786,7 4014 4011 4012,4012 1
790,1005 4012 801
801,101 1 784 784,784 5021
805,1105 1 775
775,1007 784 5025 4012,4012 1
779,1006 4012 808
782,101 0 5021 4011,4011 161609816
786,7 4014 4011 4012,4012 1
790,1005 4012 801
801,101 1 784 784,784 5022
805,1105 1 775
775,1007 784 5025 4012,4012 1
779,1006 4012 808
782,101 0 5022 4011,4011 80804908
786,7 4014 4011 4012,4012 1
790,1005 4012 801
801,101 1 784 784,784 5023
805,1105 1 775
775,1007 784 5025 4012,4012 1
779,1006 4012 808
782,101 0 5023 4011,4011 40402454
786,7 4014 4011 4012,4012 1
790,1005 4012 801
801,101 1 784 784,784 5024
805,1105 1 775
775,1007 784 5025 4012,4012 1
779,1006 4012 808
782,101 0 5024 4011,4011 20201227
786,7 4014 4011 4012,4012 1
790,1005 4012 801
801,101 1 784 784,784 5025
805,1105 1 775
775,1007 784 5025 4012,4012 0
779,1006 4012 808
808,101 1 4006 4006,4006 3
812,1105 1 733
733,1007 4006 25 4012,4012 1
737,1006 4012 815
740,101 5300 4006 746,746 5303
744,101 0 5303 4011,4011 2097152
748,7 4013 4011 4012,4012 0
752,1005 4012 808
755,102 -1 4011 4011,4011 -2097152
759,1 4013 4011 4013,4013 805135
763,101 5200 4006 769,769 5203
767,2 4014 5203 4014,4014 113766916664397
771,1101 0 5000 784,784 5000
775,1007 784 5025 4012,4012 1
779,1006 4012 808
782,101 0 5000 4011,4011 338920348844032
786,7 4014 4011 4012,4012 1
790,1005 4012 801
801,101 1 784 784,784 5001
805,1105 1 775
775,1007 784 5025 4012,4012 1
779,1006 4012 808
782,101 0 5001 4011,4011 169460174422016
786,7 4014 4011 4012,4012 1
790,1005 4012 801
801,101 1 784 784,784 5002
805,1105 1 775
775,1007 784 5025 4012,4012 1
779,1006 4012 808
782,101 0 5002 4011,4011 84730087211008
786,7 4014 4011 4012,4012 0
790,1005 4012 801
793,102 -1 4011 4011,4011 -84730087211008
797,1 4014 4011 4014,4014 29036829453389
801,101 1 784 784,784 5003
805,1105 1 775
775,1007 784 5025 4012,4012 1
779,1006 4012 808
782,101 0 5003 4011,4011 42365043605504
786,7 4014 4011 4012,4012 1
790,1005 4012 801
801,101 1 784 784,784 5004
805,1105 1 775
775,1007 784 5025 4012,4012 1
779,1006 4012 808
782,101 0 5004 4011,4011 21182521802752
786,7 4014 4011 4012,4012 0
790,1005 4012 801
793,102 -1 4011 4011,4011 -21182521802752
797,1 4014 4011 4014,4014 7854307650637
801,101 1 784 784,784 5005
805,1105 1 775
775,1007 784 5025 4012,4012 1
779,1006 4012 808
782,101 0 5005 4011,4011 10591260901376
786,7 4014 4011 4012,4012 1
790,1005 4012 801
801,101 1 784 784,784 5006
805,1105 1 775
775,1007 784 5025 4012,4012 1
779,1006 4012 808
782,101 0 5006 4011,4011 5295630450688
786,7 4014 4011 4012,4012 0
790,1005 4012 801
793,102 -1 4011 4011,4011 -5295630450688
797,1 4014 4011 4014,4014 2558677199949
801,101 1 784 784,784 5007
805,1105 1 775
775,1007 784 5025 4012,4012 1
779,1006 4012 808
782,101 0 5007 4011,4011 2647815225344
786,7 4014 4011 4012,4012 1
790,1005 4012 801
801,101 1 784 784,784 5008
805,1105 1 775
775,1007 784 5025 4012,4012 1
779,1006 4012 808
782,101 0 5008 4011,4011 1323907612672
786,7 4014 4011 4012,4012 0
790,1005 4012 801
793,102 -1 4011 4011,4011 -1323907612672
797,1 4014 4011 4014,4014 1234769587277
801,101 1 784 784,784 5009
805,1105 1 775
775,1007 784 5025 4012,4012 1
779,1006 4012 808
782,101 0 5009 4011,4011 661953806336
786,7 4014 4011 4012,4012 0
790,1005 4012 801
793,102 -1 4011 4011,4011 -661953806336
797,1 4014 4011 4014,4014 572815780941
801,101 1 784 784,784 5010
805,1105 1 775
775,1007 784 5025 4012,4012 1
779,1006 4012 808
782,101 0 5010 4011,4011 330976903168
786,7 4014 4011 4012,4012 0
790,1005 4012 801
793,102 -1 4011 4011,4011 -330976903168
797,1 4014 4011 4014,4014 241838877773
801,101 1 784 784,784 5011
805,1105 1 775
775,1007 784 5025 4012,4012 1
779,1006 4012 808
782,101 0 5011 4011,4011 165488451584
786,7 4014 4011 4012,4012 0
790,1005 4012 801
793,102 -1 4011 4011,4011 -165488451584
797,1 4014 4011 4014,4014 76350426189
801,101 1 784 784,784 5012
805,1105 1 775
775,1007 784 5025 4012,4012 1
779,1006 4012 808
782,101 0 5012 4011,4011 82744225792
786,7 4014 4011 4012,4012 1
790,1005 4012 801
801,101 1 784 784,784 5013
805,1105 1 775
775,1007 784 5025 4012,4012 1
779,1006 4012 808
782,101 0 5013 4011,4011 41372112896
786,7 4014 4011 4012,4012 0
790,1005 4012 801
793,102 -1 4011 4011,4011 -41372112896
797,1 4014 4011 4014,4014 34978313293
801,101 1 784 784,784 5014
805,1105 1 775
775,1007 784 5025 4012,4012 1
779,1006 4012 808
782,101 0 5014 4011,4011 20686056448
786,7 4014 4011 4012,4012 0
790,1005 4012 801
793,102 -1 4011 4011,4011 -20686056448
797,1 4014 4011 4014,4014 14292256845
801,101 1 784 784,784 5015
805,1105 1 775
775,1007 784 5025 4012,4012 1
779,1006 4012 808
782,101 0 5015 4011,4011 10343028224
786,7 4014 4011 4012,4012 0
790,1005 4012 801
793,102 -1 4011 4011,4011 -10343028224
797,1 4014 4011 4014,4014 3949228621
801,101 1 784 784,784 5016
805,1105 1 775
775,1007 784 5025 4012,4012 1
779,1006 4012 808
782,101 0 5016 4011,4011 5171514112
786,7 4014 4011 4012,4012 1
790,1005 4012 801
801,101 1 784 784,784 5017
805,1105 1 775
775,1007 784 5025 4012,4012 1
779,1006 4012 808
782,101 0 5017 4011,4011 2585757056
786,7 4014 4011 4012,4012 0
790,1005 4012 801
793,102 -1 4011 4011,4011 -2585757056
797,1 4014 4011 4014,4014 1363471565
801,101 1 784 784,784 5018
805,1105 1 775
775,1007 784 5025 4012,4012 1
779,1006 4012 808
782,101 0 5018 4011,4011 1292878528
786,7 4014 4011 4012,4012 0
790,1005 4012 801
793,102 -1 4011 4011,4011 -1292878528
797,1 4014 4011 4014,4014 70593037
801,101 1 784 784,784 5019
805,1105 1 775
775,1007 784 5025 4012,4012 1
779,1006 4012 808
782,101 0 5019 4011,4011 646439264
786,7 4014 4011 4012,4012 1
790,1005 4012 801
801,101 1 784 784,784 5020
805,1105 1 775
775,1007 784 5025 4012,4012 1
779,1006 4012 808
782,101 0 5020 4011,4011 323219632
786,7 4014 4011 4012,4012 1
790,1005 4012 801
801,101 1 784 784,784 5021
805,1105 1 775
775,1007 784 5025 4012,4012 1
779,1006 4012 808
782,101 0 5021 4011,4011 161609816
786,7 4014 4011 4012,4012 1
790,1005 4012 801
801,101 1 784 784,784 5022
805,1105 1 775
775,1007 784 5025 4012,4012 1
779,1006 4012 808
782,101 0 5022 4011,4011 80804908
786,7 4014 4011 4012,4012 1
790,1005 4012 801
801,101 1 784 784,784 5023
805,1105 1 775
775,1007 784 5025 4012,4012 1
779,1006 4012 808
782,101 0 5023 4011,4011 40402454
786,7 4014 4011 4012,4012 0
790,1005 4012 801
793,102 -1 4011 4011,4011 -40402454
797,1 4014 4011 4014,4014 30190583
801,101 1 784 784,784 5024
805,1105 1 775
775,1007 784 5025 4012,4012 1
779,1006 4012 808
782,101 0 5024 4011,4011 20201227
786,7 4014 4011 4012,4012 0
790,1005 4012 801
793,102 -1 4011 4011,4011 -20201227
797,1 4014 4011 4014,4014 9989356
801,101 1 784 784,784 5025
805,1105 1 775
775,1007 784 5025 4012,4012 0
779,1006 4012 808
808,101 1 4006 4006,4006 4
812,1105 1 733
733,1007 4006 25 4012,4012 1
737,1006 4012 815
740,101 5300 4006 746,746 5304
744,101 0 5304 4011,4011 1048576
748,7 4013 4011 4012,4012 1
752,1005 4012 808
808,101 1 4006 4006,4006 5
812,1105 1 733
733,1007 4006 25 4012,4012 1
737,1006 4012 815
740,101 5300 4006 746,746 5305
744,101 0 5305 4011,4011 524288
748,7 4013 4011 4012,4012 0
752,1005 4012 808
755,102 -1 4011 4011,4011 -524288
759,1 4013 4011 4013,4013 280847
763,101 5200 4006 769,769 5205
767,2 4014 5205 4014,4014 132581070341304
771,1101 0 5000 784,784 5000
775,1007 784 5025 4012,4012 1
779,1006 4012 808
782,101 0 5000 4011,4011 338920348844032
786,7 4014 4011 4012,4012 1
790,1005 4012 801
801,101 1 784 784,784 5001
805,1105 1 775
775,1007 784 5025 4012,4012 1
779,1006 4012 808
782,101 0 5001 4011,4011 169460174422016
786,7 4014 4011 4012,4012 1
790,1005 4012 801
801,101 1 784 784,784 5002
805,1105 1 775
775,1007 784 5025 4012,4012 1
779,1006 4012 808
782,101 0 5002 4011,4011 84730087211008
786,7 4014 4011 4012,4012 0
790,1005 4012 801
793,102 -1 4011 4011,4011 -84730087211008
797,1 4014 4011 4014,4014 47850983130296
801,101 1 784 784,784 5003
805,1105 1 775
775,1007 784 5025 4012,4012 1
779,1006 4012 808
782,101 0 5003 4011,4011 42365043605504
786,7 4014 4011 4012,4012 0
790,1005 4012 801
793,102 -1 4011 4011,4011 -42365043605504
797,1 4014 4011 4014,4014 5485939524792
801,101 1 784 784,784 5004
805,1105 1 775
775,1007 784 5025 4012,4012 1
779,1006 4012 808
782,101 0 5004 4011,4011 21182521802752
786,7 4014 4011 4012,4012 1
790,1005 4012 801
801,101 1 784 784,784 5005
805,1105 1 775
775,1007 784 5025 4012,4012 1
779,1006 4012 808
782,101 0 5005 4011,4011 10591260901376
786,7 4014 4011 4012,4012 1
790,1005 4012 801
801,101 1 784 784,784 5006
805,1105 1 775
775,1007 784 5025 4012,4012 1
779,1006 4012 808
782,101 0 5006 4011,4011 5295630450688
786,7 4014 4011 4012,4012 0
790,1005 4012 801
793,102 -1 4011 4011,4011 -5295630450688
797,1 4014 4011 4014,4014 190309074104
801,101 1 784 784,784 5007
805,1105 1 775
775,1007 784 5025 4012,4012 1
779,1006 4012 808
782,101 0 5007 4011,4011 2647815225344
786,7 4014 4011 4012,4012 1
790,1005 4012 801
801,101 1 784 784,784 5008
805,1105 1 775
775,1007 784 5025 4012,4012 1
779,1006 4012 808
782,101 0 5008 4011,4011 1323907612672
786,7 4014 4011 4012,4012 1
790,1005 4012 801
801,101 1 784 784,784 5009
805,1105 1 775
775,1007 784 5025 4012,4012 1
779,1006 4012 808
782,101 0 5009 4011,4011 661953806336
786,7 4014 4011 4012,4012 1
790,1005 4012 801
801,101 1 784 784,784 5010
805,1105 1 775
775,1007 784 5025 4012,4012 1
779,1006 4012 808
782,101 0 5010 4011,4011 330976903168
786,7 4014 4011 4012,4012 1
790,1005 4012 801
801,101 1 784 784,784 5011
805,1105 1 775
775,1007 784 5025 4012,4012 1
779,1006 4012 808
782,101 0 5011 4011,4011 165488451584
786,7 4014 4011 4012,4012 0
790,1005 4012 801
793,102 -1 4011 4011,4011 -165488451584
797,1 4014 4011 4014,4014 24820622520
801,101 1 784 784,784 5012
805,1105 1 775
775,1007 784 5025 4012,4012 1
779,1006 4012 808
782,101 0 5012 4011,4011 82744225792
786,7 4014 4011 4012,4012 1
790,1005 4012 801
801,101 1 784 784,784 5013
805,1105 1 775
775,1007 784 5025 4012,4012 1
779,1006 4012 808
782,101 0 5013 4011,4011 41372112896
786,7 4014 4011 4012,4012 1
790,1005 4012 801
801,101 1 784 784,784 5014
805,1105 1 775
775,1007 784 5025 4012,4012 1
779,1006 4012 808
782,101 0 5014 4011,4011 20686056448
786,7 4014 4011 4012,4012 0
790,1005 4012 801
793,102 -1 4011 4011,4011 -20686056448
797,1 4014 4011 4014,4014 4134566072
801,101 1 784 784,784 5015
805,1105 1 775
775,1007 784 5025 4012,4012 1
779,1006 4012 808
782,101 0 5015 4011,4011 10343028224
786,7 4014 4011 4012,4012 1
790,1005 4012 801
801,101 1 784 784,784 5016
805,1105 1 775
775,1007 784 5025 4012,4012 1
779,1006 4012 808
782,101 0 5016 4011,4011 5171514112
786,7 4014 4011 4012,4012 1
790,1005 4012 801
801,101 1 784 784,784 5017
805,1105 1 775
775,1007 784 5025 4012,4012 1
779,1006 4012 808
782,101 0 5017 4011,4011 2585757056
786,7 4014 4011 4012,4012 0
790,1005 4012 801
793,102 -1 4011 4011,4011 -2585757056
797,1 4014 4011 4014,4014 1548809016
801,101 1 784 784,784 5018
805,1105 1 775
775,1007 784 5025 4012,4012 1
779,1006 4012 808
782,101 0 5018 4011,4011 1292878528
786,7 4014 4011 4012,4012 0
790,1005 4012 801
793,102 -1 4011 4011,4011 -1292878528
797,1 4014 4011 4014,4014 255930488
801,101 1 784 784,784 5019
805,1105 1 775
775,1007 784 5025 4012,4012 1
779,1006 4012 808
782,101 0 5019 4011,4011 646439264
786,7 4014 4011 4012,4012 1
790,1005 4012 801
801,101 1 784 784,784 5020
805,1105 1 775
775,1007 784 5025 4012,4012 1
779,1006 4012 808
782,101 0 5020 4011,4011 323219632
786,7 4014 4011 4012,4012 1
790,1005 4012 801
801,101 1 784 784,784 5021
805,1105 1 775
775,1007 784 5025 4012,4012 1
779,1006 4012 808
782,101 0 5021 4011,4011 161609816
786,7 4014 4011 4012,4012 0
790,1005 4012 801
793,102 -1 4011 4011,4011 -161609816
797,1 4014 4011 4014,4014 94320672
801,101 1 784 784,784 5022
805,1105 1 775
775,1007 784 5025 4012,4012 1
779,1006 4012 808
782,101 0 5022 4011,4011 80804908
786,7 4014 4011 4012,4012 0
790,1005 4012 801
793,102 -1 4011 4011,4011 -80804908
797,1 4014 4011 4014,4014 13515764
801,101 1 784 784,784 5023
805,1105 1 775
775,1007 784 5025 4012,4012 1
779,1006 4012 808
782,101 0 5023 4011,4011 40402454
786,7 4014 4011 4012,4012 1
790,1005 4012 801
801,101 1 784 784,784 5024
805,1105 1 775
775,1007 784 5025 4012,4012 1
779,1006 4012 808
782,101 0 5024 4011,4011 20201227
786,7 4014 4011 4012,4012 1
790,1005 4012 801
801,101 1 784 784,784 5025
805,1105 1 775
775,1007 784 5025 4012,4012 0
779,1006 4012 808
808,101 1 4006 4006,4006 6
812,1105 1 733
733,1007 4006 25 4012,4012 1
737,1006 4012 815
740,101 5300 4006 746,746 5306
744,101 0 5306 4011,4011 262144
748,7 4013 4011 4012,4012 0
752,1005 4012 808
755,102 -1 4011 4011,4011 -262144
759,1 4013 4011 4013,4013 18703
763,101 5200 4006 769,769 5206
767,2 4014 5206 4014,4014 163355281086392
771,1101 0 5000 784,784 5000
775,1007 784 5025 4012,4012 1
779,1006 4012 808
782,101 0 5000 4011,4011 338920348844032
786,7 4014 4011 4012,4012 1
790,1005 4012 801
801,101 1 784 784,784 5001
805,1105 1 775
775,1007 784 5025 4012,4012 1
779,1006 4012 808
782,101 0 5001 4011,4011 169460174422016
786,7 4014 4011 4012,4012 1
790,1005 4012 801
801,101 1 784 784,784 5002
805,1105 1 775
775,1007 784 5025 4012,4012 1
779,1006 4012 808
782,101 0 5002 4011,4011 84730087211008
786,7 4014 4011 4012,4012 0
790,1005 4012 801
793,102 -1 4011 4011,4011 -84730087211008
797,1 4014 4011 4014,4014 78625193875384
801,101 1 784 784,784 5003
805,1105 1 775
775,1007 784 5025 4012,4012 1
779,1006 4012 808
782,101 0 5003 4011,4011 42365043605504
786,7 4014 4011 4012,4012 0
790,1005 4012 801
793,102 -1 4011 4011,4011 -42365043605504
797,1 4014 4011 4014,4014 36260150269880
801,101 1 784 784,784 5004
805,1105 1 775
775,1007 784 5025 4012,4012 1
779,1006 4012 808
782,101 0 5004 4011,4011 21182521802752
786,7 4014 4011 4012,4012 0
790,1005 4012 801
793,102 -1 4011 4011,4011 -21182521802752
797,1 4014 4011 4014,4014 15077628467128
801,101 1 784 784,784 5005
805,1105 1 775
775,1007 784 5025 4012,4012 1
779,1006 4012 808
782,101 0 5005 4011,4011 10591260901376
786,7 4014 4011 4012,4012 0
790,1005 4012 801
793,102 -1 4011 4011,4011 -10591260901376
797,1 4014 4011 4014,4014 4486367565752
801,101 1 784 784,784 5006
805,1105 1 775
775,1007 784 5025 4012,4012 1
779,1006 4012 808
782,101 0 5006 4011,4011 5295630450688
786,7 4014 4011 4012,4012 1
790,1005 4012 801
801,101 1 784 784,784 5007
805,1105 1 775
775,1007 784 5025 4012,4012 1
779,1006 4012 808
782,101 0 5007 4011,4011 2647815225344
786,7 4014 4011 4012,4012 0
790,1005 4012 801
793,102 -1 4011 4011,4011 -2647815225344
797,1 4014 4011 4014,4014 1838552340408
801,101 1 784 784,784 5008
805,1105 1 775
775,1007 784 5025 4012,4012 1
779,1006 4012 808
782,101 0 5008 4011,4011 1323907612672
786,7 4014 4011 4012,4012 0
790,1005 4012 801
793,102 -1 4011 4011,4011 -1323907612672
797,1 4014 4011 4014,4014 514644727736
801,101 1 784 784,784 5009
805,1105 1 775
775,1007 784 5025 4012,4012 1
779,1006 4012 808
782,101 0 5009 4011,4011 661953806336
786,7 4014 4011 4012,4012 1
790,1005 4012 801
801,101 1 784 784,784 5010
805,1105 1 775
775,1007 784 5025 4012,4012 1
779,1006 4012 808
782,101 0 5010 4011,4011 330976903168
786,7 4014 4011 4012,4012 0
790,1005 4012 801
793,102 -1 4011 4011,4011 -330976903168
797,1 4014 4011 4014,4014 183667824568
801,101 1 784 784,784 5011
805,1105 1 775
775,1007 784 5025 4012,4012 1
779,1006 4012 808
782,101 0 5011 4011,4011 165488451584
786,7 4014 4011 4012,4012 0
790,1005 4012 801
793,102 -1 4011 4011,4011 -165488451584
797,1 4014 4011 4014,4014 18179372984
801,101 1 784 784,784 5012
805,1105 1 775
775,1007 784 5025 4012,4012 1
779,1006 4012 808
782,101 0 5012 4011,4011 82744225792
786,7 4014 4011 4012,4012 1
790,1005 4012 801
801,101 1 784 784,784 5013
805,1105 1 775
775,1007 784 5025 4012,4012 1
779,1006 4012 808
782,101 0 5013 4011,4011 41372112896
786,7 4014 4011 4012,4012 1
790,1005 4012 801
801,101 1 784 784,784 5014
805,1105 1 775
775,1007 784 5025 4012,4012 1
779,1006 4012 808
782,101 0 5014 4011,4011 20686056448
786,7 4014 4011 4012,4012 1
790,1005 4012 801
801,101 1 784 784,784 5015
805,1105 1 775
775,1007 784 5025 4012,4012 1
779,1006 4012 808
782,101 0 5015 4011,4011 10343028224
786,7 4014 4011 4012,4012 0
790,1005 4012 801
793,102 -1 4011 4011,4011 -10343028224
797,1 4014 4011 4014,4014 7836344760
801,101 1 784 784,784 5016
805,1105 1 775
775,1007 784 5025 4012,4012 1
779,1006 4012 808
782,101 0 5016 4011,4011 5171514112
786,7 4014 4011 4012,4012 0
790,1005 4012 801
793,102 -1 4011 4011,4011 -5171514112
797,1 4014 4011 4014,4014 2664830648
801,101 1 784 784,784 5017
805,1105 1 775
775,1007 784 5025 4012,4012 1
779,1006 4012 808
782,101 0 5017 4011,4011 2585757056
786,7 4014 4011 4012,4012 0
790,1005 4012 801
793,102 -1 4011 4011,4011 -2585757056
797,1 4014 4011 4014,4014 79073592
801,101 1 784 784,784 5018
805,1105 1 775
775,1007 784 5025 4012,4012 1
779,1006 4012 808
782,101 0 5018 4011,4011 1292878528
786,7 4014 4011 4012,4012 1
790,1005 4012 801
801,101 1 784 784,784 5019
805,1105 1 775
775,1007 784 5025 4012,4012 1
779,1006 4012 808
782,101 0 5019 4011,4011 646439264
786,7 4014 4011 4012,4012 1
790,1005 4012 801
801,101 1 784 784,784 5020
805,1105 1 775
775,1007 784 5025 4012,4012 1
779,1006 4012 808
782,101 0 5020 4011,4011 323219632
786,7 4014 4011 4012,4012 1
790,1005 4012 801
801,101 1 784 784,784 5021
805,1105 1 775
775,1007 784 5025 4012,4012 1
779,1006 4012 808
782,101 0 5021 4011,4011 161609816
786,7 4014 4011 4012,4012 1
790,1005 4012 801
801,101 1 784 784,784 5022
805,1105 1 775
775,1007 784 5025 4012,4012 1
779,1006 4012 808
782,101 0 5022 4011,4011 80804908
786,7 4014 4011 4012,4012 1
790,1005 4012 801
801,101 1 784 784,784 5023
805,1105 1 775
775,1007 784 5025 4012,4012 1
779,1006 4012 808
782,101 0 5023 4011,4011 40402454
786,7 4014 4011 4012,4012 0
790,1005 4012 801
793,102 -1 4011 4011,4011 -40402454
797,1 4014 4011 4014,4014 38671138
801,101 1 784 784,784 5024
805,1105 1 775
775,1007 784 5025 4012,4012 1
779,1006 4012 808
782,101 0 5024 4011,4011 20201227
786,7 4014 4011 4012,4012 0
790,1005 4012 801
793,102 -1 4011 4011,4011 -20201227
797,1 4014 4011 4014,4014 18469911
801,101 1 784 784,784 5025
805,1105 1 775
775,1007 784 5025 4012,4012 0
779,1006 4012 808
808,101 1 4006 4006,4006 7
812,1105 1 733
733,1007 4006 25 4012,4012 1
737,1006 4012 815
740,101 5300 4006 746,746 5307
744,101 0 5307 4011,4011 131072
748,7 4013 4011 4012,4012 1
752,1005 4012 808
808,101 1 4006 4006,4006 8
812,1105 1 733
733,1007 4006 25 4012,4012 1
737,1006 4012 815
740,101 5300 4006 746,746 5308
744,101 0 5308 4011,4011 65536
748,7 4013 4011 4012,4012 1
752,1005 4012 808
808,101 1 4006 4006,4006 9
812,1105 1 733
733,1007 4006 25 4012,4012 1
737,1006 4012 815
740,101 5300 4006 746,746 5309
744,101 0 5309 4011,4011 32768
748,7 4013 4011 4012,4012 1
752,1005 4012 808
808,101 1 4006 4006,4006 10
812,1105 1 733
733,1007 4006 25 4012,4012 1
737,1006 4012 815
740,101 5300 4006 746,746 5310
744,101 0 5310 4011,4011 16384
748,7 4013 4011 4012,4012 0
752,1005 4012 808
755,102 -1 4011 4011,4011 -16384
759,1 4013 4011 4013,4013 2319
763,101 5200 4006 769,769 5210
767,2 4014 5210 4014,4014 228923926646175
771,1101 0 5000 784,784 5000
775,1007 784 5025 4012,4012 1
779,1006 4012 808
782,101 0 5000 4011,4011 338920348844032
786,7 4014 4011 4012,4012 1
790,1005 4012 801
801,101 1 784 784,784 5001
805,1105 1 775
775,1007 784 5025 4012,4012 1
779,1006 4012 808
782,101 0 5001 4011,4011 169460174422016
786,7 4014 4011 4012,4012 0
790,1005 4012 801
793,102 -1 4011 4011,4011 -169460174422016
797,1 4014 4011 4014,4014 59463752224159
801,101 1 784 784,784 5002
805,1105 1 775
775,1007 784 5025 4012,4012 1
779,1006 4012 808
782,101 0 5002 4011,4011 84730087211008
786,7 4014 4011 4012,4012 1
790,1005 4012 801
801,101 1 784 784,784 5003
805,1105 1 775
775,1007 784 5025 4012,4012 1
779,1006 4012 808
782,101 0 5003 4011,4011 42365043605504
786,7 4014 4011 4012,4012 0
790,1005 4012 801
793,102 -1 4011 4011,4011 -42365043605504
797,1 4014 4011 4014,4014 17098708618655
801,101 1 784 784,784 5004
805,1105 1 775
775,1007 784 5025 4012,4012 1
779,1006 4012 808
782,101 0 5004 4011,4011 21182521802752
786,7 4014 4011 4012,4012 1
790,1005 4012 801
801,101 1 784 784,784 5005
805,1105 1 775
775,1007 784 5025 4012,4012 1
779,1006 4012 808
782,101 0 5005 4011,4011 10591260901376
786,7 4014 4011 4012,4012 0
790,1005 4012 801
793,102 -1 4011 4011,4011 -10591260901376
797,1 4014 4011 4014,4014 6507447717279
801,101 1 784 784,784 5006
805,1105 1 775
775,1007 784 5025 4012,4012 1
779,1006 4012 808
782,101 0 5006 4011,4011 5295630450688
786,7 4014 4011 4012,4012 0
790,1005 4012 801
793,102 -1 4011 4011,4011 -5295630450688
797,1 4014 4011 4014,4014 1211817266591
801,101 1 784 784,784 5007
805,1105 1 775
775,1007 784 5025 4012,4012 1
779,1006 4012 808
782,101 0 5007 4011,4011 2647815225344
786,7 4014 4011 4012,4012 1
790,1005 4012 801
801,101 1 784 784,784 5008
805,1105 1 775
775,1007 784 5025 4012,4012 1
779,1006 4012 808
782,101 0 5008 4011,4011 1323907612672
786,7 4014 4011 4012,4012 1
790,1005 4012 801
801,101 1 784 784,784 5009
805,1105 1 775
775,1007 784 5025 4012,4012 1
779,1006 4012 808
782,101 0 5009 4011,4011 661953806336
786,7 4014 4011 4012,4012 0
790,1005 4012 801
793,102 -1 4011 4011,4011 -661953806336
797,1 4014 4011 4014,4014 549863460255
801,101 1 784 784,784 5010
805,1105 1 775
775,1007 784 5025 4012,4012 1
779,1006 4012 808
782,101 0 5010 4011,4011 330976903168
786,7 4014 4011 4012,4012 0
790,1005 4012 801
793,102 -1 4011 4011,4011 -330976903168
797,1 4014 4011 4014,4014 218886557087
801,101 1 784 784,784 5011
805,1105 1 775
775,1007 784 5025 4012,4012 1
779,1006 4012 808
782,101 0 5011 4011,4011 165488451584
786,7 4014 4011 4012,4012 0
790,1005 4012 801
793,102 -1 4011 4011,4011 -165488451584
797,1 4014 4011 4014,4014 53398105503
801,101 1 784 784,784 5012
805,1105 1 775
775,1007 784 5025 4012,4012 1
779,1006 4012 808
782,101 0 5012 4011,4011 82744225792
786,7 4014 4011 4012,4012 1
790,1005 4012 801
801,101 1 784 784,784 5013
805,1105 1 775
775,1007 784 5025 4012,4012 1
779,1006 4012 808
782,101 0 5013 4011,4011 41372112896
786,7 4014 4011 4012,4012 0
790,1005 4012 801
793,102 -1 4011 4011,4011 -41372112896
797,1 4014 4011 4014,4014 12025992607
801,101 1 784 784,784 5014
805,1105 1 775
775,1007 784 5025 4012,4012 1
779,1006 4012 808
782,101 0 5014 4011,4011 20686056448
786,7 4014 4011 4012,4012 1
790,1005 4012 801
801,101 1 784 784,784 5015
805,1105 1 775
775,1007 784 5025 4012,4012 1
779,1006 4012 808
782,101 0 5015 4011,4011 10343028224
786,7 4014 4011 4012,4012 0
790,1005 4012 801
793,102 -1 4011 4011,4011 -10343028224
797,1 4014 4011 4014,4014 1682964383
801,101 1 784 784,784 5016
805,1105 1 775
775,1007 784 5025 4012,4012 1
779,1006 4012 808
782,101 0 5016 4011,4011 5171514112
786,7 4014 4011 4012,4012 1
790,1005 4012 801
801,101 1 784 784,784 5017
805,1105 1 775
775,1007 784 5025 4012,4012 1
779,1006 4012 808
782,101 0 5017 4011,4011 2585757056
786,7 4014 4011 4012,4012 1
790,1005 4012 801
801,101 1 784 784,784 5018
805,1105 1 775
775,1007 784 5025 4012,4012 1
779,1006 4012 808
782,101 0 5018 4011,4011 1292878528
786,7 4014 4011 4012,4012 0
790,1005 4012 801
793,102 -1 4011 4011,4011 -1292878528
797,1 4014 4011 4014,4014 390085855
801,101 1 784 784,784 5019
805,1105 1 775
775,1007 784 5025 4012,4012 1
779,1006 4012 808
782,101 0 5019 4011,4011 646439264
786,7 4014 4011 4012,4012 1
790,1005 4012 801
801,101 1 784 784,784 5020
805,1105 1 775
775,1007 784 5025 4012,4012 1
779,1006 4012 808
782,101 0 5020 4011,4011 323219632
786,7 4014 4011 4012,4012 0
790,1005 4012 801
793,102 -1 4011 4011,4011 -323219632
797,1 4014 4011 4014,4014 66866223
801,101 1 784 784,784 5021
805,1105 1 775
775,1007 784 5025 4012,4012 1
779,1006 4012 808
782,101 0 5021 4011,4011 161609816
786,7 4014 4011 4012,4012 1
790,1005 4012 801
801,101 1 784 784,784 5022
805,1105 1 775
775,1007 784 5025 4012,4012 1
779,1006 4012 808
782,101 0 5022 4011,4011 80804908
786,7 4014 4011 4012,4012 1
790,1005 4012 801
801,101 1 784 784,784 5023
805,1105 1 775
775,1007 784 5025 4012,4012 1
779,1006 4012 808
782,101 0 5023 4011,4011 40402454
786,7 4014 4011 4012,4012 0
790,1005 4012 801
793,102 -1 4011 4011,4011 -40402454
797,1 4014 4011 4014,4014 26463769
801,101 1 784 784,784 5024
805,1105 1 775
775,1007 784 5025 4012,4012 1
779,1006 4012 808
782,101 0 5024 4011,4011 20201227
786,7 4014 4011 4012,4012 0
790,1005 4012 801
793,102 -1 4011 4011,4011 -20201227
797,1 4014 4011 4014,4014 6262542
801,101 1 784 784,784 5025
805,1105 1 775
775,1007 784 5025 4012,4012 0
779,1006 4012 808
808,101 1 4006 4006,4006 11
812,1105 1 733
733,1007 4006 25 4012,4012 1
737,1006 4012 815
740,101 5300 4006 746,746 5311
744,101 0 5311 4011,4011 8192
748,7 4013 4011 4012,4012 1
752,1005 4012 808
808,101 1 4006 4006,4006 12
812,1105 1 733
733,1007 4006 25 4012,4012 1
737,1006 4012 815
740,101 5300 4006 746,746 5312
744,101 0 5312 4011,4011 4096
748,7 4013 4011 4012,4012 1
752,1005 4012 808
808,101 1 4006 4006,4006 13
812,1105 1 733
733,1007 4006 25 4012,4012 1
737,1006 4012 815
740,101 5300 4006 746,746 5313
744,101 0 5313 4011,4011 2048
748,7 4013 4011 4012,4012 0
752,1005 4012 808
755,102 -1 4011 4011,4011 -2048
759,1 4013 4011 4013,4013 271
763,101 5200 4006 769,769 5213
767,2 4014 5213 4014,4014 8910213244218
771,1101 0 5000 784,784 5000
775,1007 784 5025 4012,4012 1
779,1006 4012 808
782,101 0 5000 4011,4011 338920348844032
786,7 4014 4011 4012,4012 1
790,1005 4012 801
801,101 1 784 784,784 5001
805,1105 1 775
775,1007 784 5025 4012,4012 1
779,1006 4012 808
782,101 0 5001 4011,4011 169460174422016
786,7 4014 4011 4012,4012 1
790,1005 4012 801
801,101 1 784 784,784 5002
805,1105 1 775
775,1007 784 5025 4012,4012 1
779,1006 4012 808
782,101 0 5002 4011,4011 84730087211008
786,7 4014 4011 4012,4012 1
790,1005 4012 801
801,101 1 784 784,784 5003
805,1105 1 775
775,1007 784 5025 4012,4012 1
779,1006 4012 808
782,101 0 5003 4011,4011 42365043605504
786,7 4014 4011 4012,4012 1
790,1005 4012 801
801,101 1 784 784,784 5004
805,1105 1 775
775,1007 784 5025 4012,4012 1
779,1006 4012 808
782,101 0 5004 4011,4011 21182521802752
786,7 4014 4011 4012,4012 1
790,1005 4012 801
801,101 1 784 784,784 5005
805,1105 1 775
775,1007 784 5025 4012,4012 1
779,1006 4012 808
782,101 0 5005 4011,4011 10591260901376
786,7 4014 4011 4012,4012 1
790,1005 4012 801
801,101 1 784 784,784 5006
805,1105 1 775
775,1007 784 5025 4012,4012 1
779,1006 4012 808
782,101 0 5006 4011,4011 5295630450688
786,7 4014 4011 4012,4012 0
790,1005 4012 801
793,102 -1 4011 4011,4011 -5295630450688
797,1 4014 4011 4014,4014 3614582793530
801,101 1 784 784,784 5007
805,1105 1 775
775,1007 784 5025 4012,4012 1
779,1006 4012 808
782,101 0 5007 4011,4011 2647815225344
786,7 4014 4011 4012,4012 0
790,1005 4012 801
793,102 -1 4011 4011,4011 -2647815225344
797,1 4014 4011 4014,4014 966767568186
801,101 1 784 784,784 5008
805,1105 1 775
775,1007 784 5025 4012,4012 1
779,1006 4012 808
782,101 0 5008 4011,4011 1323907612672
786,7 4014 4011 4012,4012 1
790,1005 4012 801
801,101 1 784 784,784 5009
805,1105 1 775
775,1007 784 5025 4012,4012 1
779,1006 4012 808
782,101 0 5009 4011,4011 661953806336
786,7 4014 4011 4012,4012 0
790,1005 4012 801
793,102 -1 4011 4011,4011 -661953806336
797,1 4014 4011 4014,4014 304813761850
801,101 1 784 784,784 5010
805,1105 1 775
775,1007 784 5025 4012,4012 1
779,1006 4012 808
782,101 0 5010 4011,4011 330976903168
786,7 4014 4011 4012,4012 1
790,1005 4012 801
801,101 1 784 784,784 5011
805,1105 1 775
775,1007 784 5025 4012,4012 1
779,1006 4012 808
782,101 0 5011 4011,4011 165488451584
786,7 4014 4011 4012,4012 0
790,1005 4012 801
793,102 -1 4011 4011,4011 -165488451584
797,1 4014 4011 4014,4014 139325310266
801,101 1 784 784,784 5012
805,1105 1 775
775,1007 784 5025 4012,4012 1
779,1006 4012 808
782,101 0 5012 4011,4011 82744225792
786,7 4014 4011 4012,4012 0
790,1005 4012 801
793,102 -1 4011 4011,4011 -82744225792
797,1 4014 4011 4014,4014 56581084474
801,101 1 784 784,784 5013
805,1105 1 775
775,1007 784 5025 4012,4012 1
779,1006 4012 808
782,101 0 5013 4011,4011 41372112896
786,7 4014 4011 4012,4012 0
790,1005 4012 801
793,102 -1 4011 4011,4011 -41372112896
797,1 4014 4011 4014,4014 15208971578
801,101 1 784 784,784 5014
805,1105 1 775
775,1007 784 5025 4012,4012 1
779,1006 4012 808
782,101 0 5014 4011,4011 20686056448
786,7 4014 4011 4012,4012 1
790,1005 4012 801
801,101 1 784 784,784 5015
805,1105 1 775
775,1007 784 5025 4012,4012 1
779,1006 4012 808
782,101 0 5015 4011,4011 10343028224
786,7 4014 4011 4012,4012 0
790,1005 4012 801
793,102 -1 4011 4011,4011 -10343028224
797,1 4014 4011 4014,4014 4865943354
801,101 1 784 784,784 5016
805,1105 1 775
775,1007 784 5025 4012,4012 1
779,1006 4012 808
782,101 0 5016 4011,4011 5171514112
786,7 4014 4011 4012,4012 1
790,1005 4012 801
801,101 1 784 784,784 5017
805,1105 1 775
775,1007 784 5025 4012,4012 1
779,1006 4012 808
782,101 0 5017 4011,4011 2585757056
786,7 4014 4011 4012,4012 0
790,1005 4012 801
793,102 -1 4011 4011,4011 -2585757056
797,1 4014 4011 4014,4014 2280186298
801,101 1 784 784,784 5018
805,1105 1 775
775,1007 784 5025 4012,4012 1
779,1006 4012 808
782,101 0 5018 4011,4011 1292878528
786,7 4014 4011 4012,4012 0
790,1005 4012 801
793,102 -1 4011 4011,4011 -1292878528
797,1 4014 4011 4014,4014 987307770
801,101 1 784 784,784 5019
805,1105 1 775
775,1007 784 5025 4012,4012 1
779,1006 4012 808
782,101 0 5019 4011,4011 646439264
786,7 4014 4011 4012,4012 0
790,1005 4012 801
793,102 -1 4011 4011,4011 -646439264
797,1 4014 4011 4014,4014 340868506
801,101 1 784 784,784 5020
805,1105 1 775
775,1007 784 5025 4012,4012 1
779,1006 4012 808
782,101 0 5020 4011,4011 323219632
786,7 4014 4011 4012,4012 0
790,1005 4012 801
793,102 -1 4011 4011,4011 -323219632
797,1 4014 4011 4014,4014 17648874
801,101 1 784 784,784 5021
805,1105 1 775
775,1007 784 5025 4012,4012 1
779,1006 4012 808
782,101 0 5021 4011,4011 161609816
786,7 4014 4011 4012,4012 1
790,1005 4012 801
801,101 1 784 784,784 5022
805,1105 1 775
775,1007 784 5025 4012,4012 1
779,1006 4012 808
782,101 0 5022 4011,4011 80804908
786,7 4014 4011 4012,4012 1
790,1005 4012 801
801,101 1 784 784,784 5023
805,1105 1 775
775,1007 784 5025 4012,4012 1
779,1006 4012 808
782,101 0 5023 4011,4011 40402454
786,7 4014 4011 4012,4012 1
790,1005 4012 801
801,101 1 784 784,784 5024
805,1105 1 775
775,1007 784 5025 4012,4012 1
779,1006 4012 808
782,101 0 5024 4011,4011 20201227
786,7 4014 4011 4012,4012 1
790,1005 4012 801
801,101 1 784 784,784 5025
805,1105 1 775
775,1007 784 5025 4012,4012 0
779,1006 4012 808
808,101 1 4006 4006,4006 14
812,1105 1 733
733,1007 4006 25 4012,4012 1
737,1006 4012 815
740,101 5300 4006 746,746 5314
744,101 0 5314 4011,4011 1024
748,7 4013 4011 4012,4012 1
752,1005 4012 808
808,101 1 4006 4006,4006 15
812,1105 1 733
733,1007 4006 25 4012,4012 1
737,1006 4012 815
740,101 5300 4006 746,746 5315
744,101 0 5315 4011,4011 512
748,7 4013 4011 4012,4012 1
752,1005 4012 808
808,101 1 4006 4006,4006 16
812,1105 1 733
733,1007 4006 25 4012,4012 1
737,1006 4012 815
740,101 5300 4006 746,746 5316
744,101 0 5316 4011,4011 256
748,7 4013 4011 4012,4012 0
752,1005 4012 808
755,102 -1 4011 4011,4011 -256
759,1 4013 4011 4013,4013 15
763,101 5200 4006 769,769 5216
767,2 4014 5216 4014,4014 256382686457892
771,1101 0 5000 784,784 5000
775,1007 784 5025 4012,4012 1
779,1006 4012 808
782,101 0 5000 4011,4011 338920348844032
786,7 4014 4011 4012,4012 1
790,1005 4012 801
801,101 1 784 784,784 5001
805,1105 1 775
775,1007 784 5025 4012,4012 1
779,1006 4012 808
782,101 0 5001 4011,4011 169460174422016
786,7 4014 4011 4012,4012 0
790,1005 4012 801
793,102 -1 4011 4011,4011 -169460174422016
797,1 4014 4011 4014,4014 86922512035876
801,101 1 784 784,784 5002
805,1105 1 775
775,1007 784 5025 4012,4012 1
779,1006 4012 808
782,101 0 5002 4011,4011 84730087211008
786,7 4014 4011 4012,4012 0
790,1005 4012 801
793,102 -1 4011 4011,4011 -84730087211008
797,1 4014 4011 4014,4014 2192424824868
801,101 1 784 784,784 5003
805,1105 1 775
775,1007 784 5025 4012,4012 1
779,1006 4012 808
782,101 0 5003 4011,4011 42365043605504
786,7 4014 4011 4012,4012 1
790,1005 4012 801
801,101 1 784 784,784 5004
805,1105 1 775
775,1007 784 5025 4012,4012 1
779,1006 4012 808
782,101 0 5004 4011,4011 21182521802752
786,7 4014 4011 4012,4012 1
790,1005 4012 801
801,101 1 784 784,784 5005
805,1105 1 775
775,1007 784 5025 4012,4012 1
779,1006 4012 808
782,101 0 5005 4011,4011 10591260901376
786,7 4014 4011 4012,4012 1
790,1005 4012 801
801,101 1 784 784,784 5006
805,1105 1 775
775,1007 784 5025 4012,4012 1
779,1006 4012 808
782,101 0 5006 4011,4011 5295630450688
786,7 4014 4011 4012,4012 1
790,1005 4012 801
801,101 1 784 784,784 5007
805,1105 1 775
775,1007 784 5025 4012,4012 1
779,1006 4012 808
782,101 0 5007 4011,4011 2647815225344
786,7 4014 4011 4012,4012 1
790,1005 4012 801
801,101 1 784 784,784 5008
805,1105 1 775
775,1007 784 5025 4012,4012 1
779,1006 4012 808
782,101 0 5008 4011,4011 1323907612672
786,7 4014 4011 4012,4012 0
790,1005 4012 801
793,102 -1 4011 4011,4011 -1323907612672
797,1 4014 4011 4014,4014 868517212196
801,101 1 784 784,784 5009
805,1105 1 775
775,1007 784 5025 4012,4012 1
779,1006 4012 808
782,101 0 5009 4011,4011 661953806336
786,7 4014 4011 4012,4012 0
790,1005 4012 801
793,102 -1 4011 4011,4011 -661953806336
797,1 4014 4011 4014,4014 206563405860
801,101 1 784 784,784 5010
805,1105 1 775
775,1007 784 5025 4012,4012 1
779,1006 4012 808
782,101 0 5010 4011,4011 330976903168
786,7 4014 4011 4012,4012 1
790,1005 4012 801
801,101 1 784 784,784 5011
805,1105 1 775
775,1007 784 5025 4012,4012 1
779,1006 4012 808
782,101 0 5011 4011,4011 165488451584
786,7 4014 4011 4012,4012 0
790,1005 4012 801
793,102 -1 4011 4011,4011 -165488451584
797,1 4014 4011 4014,4014 41074954276
801,101 1 784 784,784 5012
805,1105 1 775
775,1007 784 5025 4012,4012 1
779,1006 4012 808
782,101 0 5012 4011,4011 82744225792
786,7 4014 4011 4012,4012 1
790,1005 4012 801
801,101 1 784 784,784 5013
805,1105 1 775
775,1007 784 5025 4012,4012 1
779,1006 4012 808
782,101 0 5013 4011,4011 41372112896
786,7 4014 4011 4012,4012 1
790,1005 4012 801
801,101 1 784 784,784 5014
805,1105 1 775
775,1007 784 5025 4012,4012 1
779,1006 4012 808
782,101 0 5014 4011,4011 20686056448
786,7 4014 4011 4012,4012 0
790,1005 4012 801
793,102 -1 4011 4011,4011 -20686056448
797,1 4014 4011 4014,4014 20388897828
801,101 1 784 784,784 5015
805,1105 1 775
775,1007 784 5025 4012,4012 1
779,1006 4012 808
782,101 0 5015 4011,4011 10343028224
786,7 4014 4011 4012,4012 0
790,1005 4012 801
793,102 -1 4011 4011,4011 -10343028224
797,1 4014 4011 4014,4014 10045869604
801,101 1 784 784,784 5016
805,1105 1 775
775,1007 784 5025 4012,4012 1
779,1006 4012 808
782,101 0 5016 4011,4011 5171514112
786,7 4014 4011 4012,4012 0
790,1005 4012 801
793,102 -1 4011 4011,4011 -5171514112
797,1 4014 4011 4014,4014 4874355492
801,101 1 784 784,784 5017
805,1105 1 775
775,1007 784 5025 4012,4012 1
779,1006 4012 808
782,101 0 5017 4011,4011 2585757056
786,7 4014 4011 4012,4012 0
790,1005 4012 801
793,102 -1 4011 4011,4011 -2585757056
797,1 4014 4011 4014,4014 2288598436
801,101 1 784 784,784 5018
805,1105 1 775
775,1007 784 5025 4012,4012 1
779,1006 4012 808
782,101 0 5018 4011,4011 1292878528
786,7 4014 4011 4012,4012 0
790,1005 4012 801
793,102 -1 4011 4011,4011 -1292878528
797,1 4014 4011 4014,4014 995719908
801,101 1 784 784,784 5019
805,1105 1 775
775,1007 784 5025 4012,4012 1
779,1006 4012 808
782,101 0 5019 4011,4011 646439264
786,7 4014 4011 4012,4012 0
790,1005 4012 801
793,102 -1 4011 4011,4011 -646439264
797,1 4014 4011 4014,4014 349280644
801,101 1 784 784,784 5020
805,1105 1 775
775,1007 784 5025 4012,4012 1
779,1006 4012 808
782,101 0 5020 4011,4011 323219632
786,7 4014 4011 4012,4012 0
790,1005 4012 801
793,102 -1 4011 4011,4011 -323219632
797,1 4014 4011 4014,4014 26061012
801,101 1 784 784,784 5021
805,1105 1 775
775,1007 784 5025 4012,4012 1
779,1006 4012 808
782,101 0 5021 4011,4011 161609816
786,7 4014 4011 4012,4012 1
790,1005 4012 801
801,101 1 784 784,784 5022
805,1105 1 775
775,1007 784 5025 4012,4012 1
779,1006 4012 808
782,101 0 5022 4011,4011 80804908
786,7 4014 4011 4012,4012 1
790,1005 4012 801
801,101 1 784 784,784 5023
805,1105 1 775
775,1007 784 5025 4012,4012 1
779,1006 4012 808
782,101 0 5023 4011,4011 40402454
786,7 4014 4011 4012,4012 1
790,1005 4012 801
801,101 1 784 784,784 5024
805,1105 1 775
775,1007 784 5025 4012,4012 1
779,1006 4012 808
782,101 0 5024 4011,4011 20201227
786,7 4014 4011 4012,4012 0
790,1005 4012 801
793,102 -1 4011 4011,4011 -20201227
797,1 4014 4011 4014,4014 5859785
801,101 1 784 784,784 5025
805,1105 1 775
775,1007 784 5025 4012,4012 0
779,1006 4012 808
808,101 1 4006 4006,4006 17
812,1105 1 733
733,1007 4006 25 4012,4012 1
737,1006 4012 815
740,101 5300 4006 746,746 5317
744,101 0 5317 4011,4011 128
748,7 4013 4011 4012,4012 1
752,1005 4012 808
808,101 1 4006 4006,4006 18
812,1105 1 733
733,1007 4006 25 4012,4012 1
737,1006 4012 815
740,101 5300 4006 746,746 5318
744,101 0 5318 4011,4011 64
748,7 4013 4011 4012,4012 1
752,1005 4012 808
808,101 1 4006 4006,4006 19
812,1105 1 733
733,1007 4006 25 4012,4012 1
737,1006 4012 815
740,101 5300 4006 746,746 5319
744,101 0 5319 4011,4011 32
748,7 4013 4011 4012,4012 1
752,1005 4012 808
808,101 1 4006 4006,4006 20
812,1105 1 733
733,1007 4006 25 4012,4012 1
737,1006 4012 815
740,101 5300 4006 746,746 5320
744,101 0 5320 4011,4011 16
748,7 4013 4011 4012,4012 1
752,1005 4012 808
808,101 1 4006 4006,4006 21
812,1105 1 733
733,1007 4006 25 4012,4012 1
737,1006 4012 815
740,101 5300 4006 746,746 5321
744,101 0 5321 4011,4011 8
748,7 4013 4011 4012,4012 0
752,1005 4012 808
755,102 -1 4011 4011,4011 -8
759,1 4013 4011 4013,4013 7
763,101 5200 4006 769,769 5221
767,2 4014 5221 4014,4014 33780494427785
771,1101 0 5000 784,784 5000
775,1007 784 5025 4012,4012 1
779,1006 4012 808
782,101 0 5000 4011,4011 338920348844032
786,7 4014 4011 4012,4012 1
790,1005 4012 801
801,101 1 784 784,784 5001
805,1105 1 775
775,1007 784 5025 4012,4012 1
779,1006 4012 808
782,101 0 5001 4011,4011 169460174422016
786,7 4014 4011 4012,4012 1
790,1005 4012 801
801,101 1 784 784,784 5002
805,1105 1 775
775,1007 784 5025 4012,4012 1
779,1006 4012 808
782,101 0 5002 4011,4011 84730087211008
786,7 4014 4011 4012,4012 1
790,1005 4012 801
801,101 1 784 784,784 5003
805,1105 1 775
775,1007 784 5025 4012,4012 1
779,1006 4012 808
782,101 0 5003 4011,4011 42365043605504
786,7 4014 4011 4012,4012 1
790,1005 4012 801
801,101 1 784 784,784 5004
805,1105 1 775
775,1007 784 5025 4012,4012 1
779,1006 4012 808
782,101 0 5004 4011,4011 21182521802752
786,7 4014 4011 4012,4012 0
790,1005 4012 801
793,102 -1 4011 4011,4011 -21182521802752
797,1 4014 4011 4014,4014 12597972625033
801,101 1 784 784,784 5005
805,1105 1 775
775,1007 784 5025 4012,4012 1
779,1006 4012 808
782,101 0 5005 4011,4011 10591260901376
786,7 4014 4011 4012,4012 0
790,1005 4012 801
793,102 -1 4011 4011,4011 -10591260901376
797,1 4014 4011 4014,4014 2006711723657
801,101 1 784 784,784 5006
805,1105 1 775
775,1007 784 5025 4012,4012 1
779,1006 4012 808
782,101 0 5006 4011,4011 5295630450688
786,7 4014 4011 4012,4012 1
790,1005 4012 801
801,101 1 784 784,784 5007
805,1105 1 775
775,1007 784 5025 4012,4012 1
779,1006 4012 808
782,101 0 5007 4011,4011 2647815225344
786,7 4014 4011 4012,4012 1
790,1005 4012 801
801,101 1 784 784,784 5008
805,1105 1 775
775,1007 784 5025 4012,4012 1
779,1006 4012 808
782,101 0 5008 4011,4011 1323907612672
786,7 4014 4011 4012,4012 0
790,1005 4012 801
793,102 -1 4011 4011,4011 -1323907612672
797,1 4014 4011 4014,4014 682804110985
801,101 1 784 784,784 5009
805,1105 1 775
775,1007 784 5025 4012,4012 1
779,1006 4012 808
782,101 0 5009 4011,4011 661953806336
786,7 4014 4011 4012,4012 0
790,1005 4012 801
793,102 -1 4011 4011,4011 -661953806336
797,1 4014 4011 4014,4014 20850304649
801,101 1 784 784,784 5010
805,1105 1 775
775,1007 784 5025 4012,4012 1
779,1006 4012 808
782,101 0 5010 4011,4011 330976903168
786,7 4014 4011 4012,4012 1
790,1005 4012 801
801,101 1 784 784,784 5011
805,1105 1 775
775,1007 784 5025 4012,4012 1
779,1006 4012 808
782,101 0 5011 4011,4011 165488451584
786,7 4014 4011 4012,4012 1
790,1005 4012 801
801,101 1 784 784,784 5012
805,1105 1 775
775,1007 784 5025 4012,4012 1
779,1006 4012 808
782,101 0 5012 4011,4011 82744225792
786,7 4014 4011 4012,4012 1
790,1005 4012 801
801,101 1 784 784,784 5013
805,1105 1 775
775,1007 784 5025 4012,4012 1
779,1006 4012 808
782,101 0 5013 4011,4011 41372112896
786,7 4014 4011 4012,4012 1
790,1005 4012 801
801,101 1 784 784,784 5014
805,1105 1 775
775,1007 784 5025 4012,4012 1
779,1006 4012 808
782,101 0 5014 4011,4011 20686056448
786,7 4014 4011 4012,4012 0
790,1005 4012 801
793,102 -1 4011 4011,4011 -20686056448
797,1 4014 4011 4014,4014 164248201
801,101 1 784 784,784 5015
805,1105 1 775
775,1007 784 5025 4012,4012 1
779,1006 4012 808
782,101 0 5015 4011,4011 10343028224
786,7 4014 4011 4012,4012 1
790,1005 4012 801
801,101 1 784 784,784 5016
805,1105 1 775
775,1007 784 5025 4012,4012 1
779,1006 4012 808
782,101 0 5016 4011,4011 5171514112
786,7 4014 4011 4012,4012 1
790,1005 4012 801
801,101 1 784 784,784 5017
805,1105 1 775
775,1007 784 5025 4012,4012 1
779,1006 4012 808
782,101 0 5017 4011,4011 2585757056
786,7 4014 4011 4012,4012 1
790,1005 4012 801
801,101 1 784 784,784 5018
805,1105 1 775
775,1007 784 5025 4012,4012 1
779,1006 4012 808
782,101 0 5018 4011,4011 1292878528
786,7 4014 4011 4012,4012 1
790,1005 4012 801
801,101 1 784 784,784 5019
805,1105 1 775
775,1007 784 5025 4012,4012 1
779,1006 4012 808
782,101 0 5019 4011,4011 646439264
786,7 4014 4011 4012,4012 1
790,1005 4012 801
801,101 1 784 784,784 5020
805,1105 1 775
775,1007 784 5025 4012,4012 1
779,1006 4012 808
782,101 0 5020 4011,4011 323219632
786,7 4014 4011 4012,4012 1
790,1005 4012 801
801,101 1 784 784,784 5021
805,1105 1 775
775,1007 784 5025 4012,4012 1
779,1006 4012 808
782,101 0 5021 4011,4011 161609816
786,7 4014 4011 4012,4012 0
790,1005 4012 801
793,102 -1 4011 4011,4011 -161609816
797,1 4014 4011 4014,4014 2638385
801,101 1 784 784,784 5022
805,1105 1 775
775,1007 784 5025 4012,4012 1
779,1006 4012 808
782,101 0 5022 4011,4011 80804908
786,7 4014 4011 4012,4012 1
790,1005 4012 801
801,101 1 784 784,784 5023
805,1105 1 775
775,1007 784 5025 4012,4012 1
779,1006 4012 808
782,101 0 5023 4011,4011 40402454
786,7 4014 4011 4012,4012 1
790,1005 4012 801
801,101 1 784 784,784 5024
805,1105 1 775
775,1007 784 5025 4012,4012 1
779,1006 4012 808
782,101 0 5024 4011,4011 20201227
786,7 4014 4011 4012,4012 1
790,1005 4012 801
801,101 1 784 784,784 5025
805,1105 1 775
775,1007 784 5025 4012,4012 0
779,1006 4012 808
808,101 1 4006 4006,4006 22
812,1105 1 733
733,1007 4006 25 4012,4012 1
737,1006 4012 815
740,101 5300 4006 746,746 5322
744,101 0 5322 4011,4011 4
748,7 4013 4011 4012,4012 0
752,1005 4012 808
755,102 -1 4011 4011,4011 -4
759,1 4013 4011 4013,4013 3
763,101 5200 4006 769,769 5222
767,2 4014 5222 4014,4014 6334762385
771,1101 0 5000 784,784 5000
775,1007 784 5025 4012,4012 1
779,1006 4012 808
782,101 0 5000 4011,4011 338920348844032
786,7 4014 4011 4012,4012 1
790,1005 4012 801
801,101 1 784 784,784 5001
805,1105 1 775
775,1007 784 5025 4012,4012 1
779,1006 4012 808
782,101 0 5001 4011,4011 169460174422016
786,7 4014 4011 4012,4012 1
790,1005 4012 801
801,101 1 784 784,784 5002
805,1105 1 775
775,1007 784 5025 4012,4012 1
779,1006 4012 808
782,101 0 5002 4011,4011 84730087211008
786,7 4014 4011 4012,4012 1
790,1005 4012 801
801,101 1 784 784,784 5003
805,1105 1 775
775,1007 784 5025 4012,4012 1
779,1006 4012 808
782,101 0 5003 4011,4011 42365043605504
786,7 4014 4011 4012,4012 1
790,1005 4012 801
801,101 1 784 784,784 5004
805,1105 1 775
775,1007 784 5025 4012,4012 1
779,1006 4012 808
782,101 0 5004 4011,4011 21182521802752
786,7 4014 4011 4012,4012 1
790,1005 4012 801
801,101 1 784 784,784 5005
805,1105 1 775
775,1007 784 5025 4012,4012 1
779,1006 4012 808
782,101 0 5005 4011,4011 10591260901376
786,7 4014 4011 4012,4012 1
790,1005 4012 801
801,101 1 784 784,784 5006
805,1105 1 775
775,1007 784 5025 4012,4012 1
779,1006 4012 808
782,101 0 5006 4011,4011 5295630450688
786,7 4014 4011 4012,4012 1
790,1005 4012 801
801,101 1 784 784,784 5007
805,1105 1 775
775,1007 784 5025 4012,4012 1
779,1006 4012 808
782,101 0 5007 4011,4011 2647815225344
786,7 4014 4011 4012,4012 1
790,1005 4012 801
801,101 1 784 784,784 5008
805,1105 1 775
775,1007 784 5025 4012,4012 1
779,1006 4012 808
782,101 0 5008 4011,4011 1323907612672
786,7 4014 4011 4012,4012 1
790,1005 4012 801
801,101 1 784 784,784 5009
805,1105 1 775
775,1007 784 5025 4012,4012 1
779,1006 4012 808
782,101 0 5009 4011,4011 661953806336
786,7 4014 4011 4012,4012 1
790,1005 4012 801
801,101 1 784 784,784 5010
805,1105 1 775
775,1007 784 5025 4012,4012 1
779,1006 4012 808
782,101 0 5010 4011,4011 330976903168
786,7 4014 4011 4012,4012 1
790,1005 4012 801
801,101 1 784 784,784 5011
805,1105 1 775
775,1007 784 5025 4012,4012 1
779,1006 4012 808
782,101 0 5011 4011,4011 165488451584
786,7 4014 4011 4012,4012 1
790,1005 4012 801
801,101 1 784 784,784 5012
805,1105 1 775
775,1007 784 5025 4012,4012 1
779,1006 4012 808
782,101 0 5012 4011,4011 82744225792
786,7 4014 4011 4012,4012 1
790,1005 4012 801
801,101 1 784 784,784 5013
805,1105 1 775
775,1007 784 5025 4012,4012 1
779,1006 4012 808
782,101 0 5013 4011,4011 41372112896
786,7 4014 4011 4012,4012 1
790,1005 4012 801
801,101 1 784 784,784 5014
805,1105 1 775
775,1007 784 5025 4012,4012 1
779,1006 4012 808
782,101 0 5014 4011,4011 20686056448
786,7 4014 4011 4012,4012 1
790,1005 4012 801
801,101 1 784 784,784 5015
805,1105 1 775
775,1007 784 5025 4012,4012 1
779,1006 4012 808
782,101 0 5015 4011,4011 10343028224
786,7 4014 4011 4012,4012 1
790,1005 4012 801
801,101 1 784 784,784 5016
805,1105 1 775
775,1007 784 5025 4012,4012 1
779,1006 4012 808
782,101 0 5016 4011,4011 5171514112
786,7 4014 4011 4012,4012 0
790,1005 4012 801
793,102 -1 4011 4011,4011 -5171514112
797,1 4014 4011 4014,4014 1163248273
801,101 1 784 784,784 5017
805,1105 1 775
775,1007 784 5025 4012,4012 1
779,1006 4012 808
782,101 0 5017 4011,4011 2585757056
786,7 4014 4011 4012,4012 1
790,1005 4012 801
801,101 1 784 784,784 5018
805,1105 1 775
775,1007 784 5025 4012,4012 1
779,1006 4012 808
782,101 0 5018 4011,4011 1292878528
786,7 4014 4011 4012,4012 1
790,1005 4012 801
801,101 1 784 784,784 5019
805,1105 1 775
775,1007 784 5025 4012,4012 1
779,1006 4012 808
782,101 0 5019 4011,4011 646439264
786,7 4014 4011 4012,4012 0
790,1005 4012 801
793,102 -1 4011 4011,4011 -646439264
797,1 4014 4011 4014,4014 516809009
801,101 1 784 784,784 5020
805,1105 1 775
775,1007 784 5025 4012,4012 1
779,1006 4012 808
782,101 0 5020 4011,4011 323219632
786,7 4014 4011 4012,4012 0
790,1005 4012 801
793,102 -1 4011 4011,4011 -323219632
797,1 4014 4011 4014,4014 193589377
801,101 1 784 784,784 5021
805,1105 1 775
775,1007 784 5025 4012,4012 1
779,1006 4012 808
782,101 0 5021 4011,4011 161609816
786,7 4014 4011 4012,4012 0
790,1005 4012 801
793,102 -1 4011 4011,4011 -161609816
797,1 4014 4011 4014,4014 31979561
801,101 1 784 784,784 5022
805,1105 1 775
775,1007 784 5025 4012,4012 1
779,1006 4012 808
782,101 0 5022 4011,4011 80804908
786,7 4014 4011 4012,4012 1
790,1005 4012 801
801,101 1 784 784,784 5023
805,1105 1 775
775,1007 784 5025 4012,4012 1
779,1006 4012 808
782,101 0 5023 4011,4011 40402454
786,7 4014 4011 4012,4012 1
790,1005 4012 801
801,101 1 784 784,784 5024
805,1105 1 775
775,1007 784 5025 4012,4012 1
779,1006 4012 808
782,101 0 5024 4011,4011 20201227
786,7 4014 4011 4012,4012 0
790,1005 4012 801
793,102 -1 4011 4011,4011 -20201227
797,1 4014 4011 4014,4014 11778334
801,101 1 784 784,784 5025
805,1105 1 775
775,1007 784 5025 4012,4012 0
779,1006 4012 808
808,101 1 4006 4006,4006 23
812,1105 1 733
733,1007 4006 25 4012,4012 1
737,1006 4012 815
740,101 5300 4006 746,746 5323
744,101 0 5323 4011,4011 2
748,7 4013 4011 4012,4012 0
752,1005 4012 808
755,102 -1 4011 4011,4011 -2
759,1 4013 4011 4013,4013 1
763,101 5200 4006 769,769 5223
767,2 4014 5223 4014,4014 577138366
771,1101 0 5000 784,784 5000
775,1007 784 5025 4012,4012 1
779,1006 4012 808
782,101 0 5000 4011,4011 338920348844032
786,7 4014 4011 4012,4012 1
790,1005 4012 801
801,101 1 784 784,784 5001
805,1105 1 775
775,1007 784 5025 4012,4012 1
779,1006 4012 808
782,101 0 5001 4011,4011 169460174422016
786,7 4014 4011 4012,4012 1
790,1005 4012 801
801,101 1 784 784,784 5002
805,1105 1 775
775,1007 784 5025 4012,4012 1
779,1006 4012 808
782,101 0 5002 4011,4011 84730087211008
786,7 4014 4011 4012,4012 1
790,1005 4012 801
801,101 1 784 784,784 5003
805,1105 1 775
775,1007 784 5025 4012,4012 1
779,1006 4012 808
782,101 0 5003 4011,4011 42365043605504
786,7 4014 4011 4012,4012 1
790,1005 4012 801
801,101 1 784 784,784 5004
805,1105 1 775
775,1007 784 5025 4012,4012 1
779,1006 4012 808
782,101 0 5004 4011,4011 21182521802752
786,7 4014 4011 4012,4012 1
790,1005 4012 801
801,101 1 784 784,784 5005
805,1105 1 775
775,1007 784 5025 4012,4012 1
779,1006 4012 808
782,101 0 5005 4011,4011 10591260901376
786,7 4014 4011 4012,4012 1
790,1005 4012 801
801,101 1 784 784,784 5006
805,1105 1 775
775,1007 784 5025 4012,4012 1
779,1006 4012 808
782,101 0 5006 4011,4011 5295630450688
786,7 4014 4011 4012,4012 1
790,1005 4012 801
801,101 1 784 784,784 5007
805,1105 1 775
775,1007 784 5025 4012,4012 1
779,1006 4012 808
782,101 0 5007 4011,4011 2647815225344
786,7 4014 4011 4012,4012 1
790,1005 4012 801
801,101 1 784 784,784 5008
805,1105 1 775
775,1007 784 5025 4012,4012 1
779,1006 4012 808
782,101 0 5008 4011,4011 1323907612672
786,7 4014 4011 4012,4012 1
790,1005 4012 801
801,101 1 784 784,784 5009
805,1105 1 775
775,1007 784 5025 4012,4012 1
779,1006 4012 808
782,101 0 5009 4011,4011 661953806336
786,7 4014 4011 4012,4012 1
790,1005 4012 801
801,101 1 784 784,784 5010
805,1105 1 775
775,1007 784 5025 4012,4012 1
779,1006 4012 808
782,101 0 5010 4011,4011 330976903168
786,7 4014 4011 4012,4012 1
790,1005 4012 801
801,101 1 784 784,784 5011
805,1105 1 775
775,1007 784 5025 4012,4012 1
779,1006 4012 808
782,101 0 5011 4011,4011 165488451584
786,7 4014 4011 4012,4012 1
790,1005 4012 801
801,101 1 784 784,784 5012
805,1105 1 775
775,1007 784 5025 4012,4012 1
779,1006 4012 808
782,101 0 5012 4011,4011 82744225792
786,7 4014 4011 4012,4012 1
790,1005 4012 801
801,101 1 784 784,784 5013
805,1105 1 775
775,1007 784 5025 4012,4012 1
779,1006 4012 808
782,101 0 5013 4011,4011 41372112896
786,7 4014 4011 4012,4012 1
790,1005 4012 801
801,101 1 784 784,784 5014
805,1105 1 775
775,1007 784 5025 4012,4012 1
779,1006 4012 808
782,101 0 5014 4011,4011 20686056448
786,7 4014 4011 4012,4012 1
790,1005 4012 801
801,101 1 784 784,784 5015
805,1105 1 775
775,1007 784 5025 4012,4012 1
779,1006 4012 808
782,101 0 5015 4011,4011 10343028224
786,7 4014 4011 4012,4012 1
790,1005 4012 801
801,101 1 784 784,784 5016
805,1105 1 775
775,1007 784 5025 4012,4012 1
779,1006 4012 808
782,101 0 5016 4011,4011 5171514112
786,7 4014 4011 4012,4012 1
790,1005 4012 801
801,101 1 784 784,784 5017
805,1105 1 775
775,1007 784 5025 4012,4012 1
779,1006 4012 808
782,101 0 5017 4011,4011 2585757056
786,7 4014 4011 4012,4012 1
790,1005 4012 801
801,101 1 784 784,784 5018
805,1105 1 775
775,1007 784 5025 4012,4012 1
779,1006 4012 808
782,101 0 5018 4011,4011 1292878528
786,7 4014 4011 4012,4012 1
790,1005 4012 801
801,101 1 784 784,784 5019
805,1105 1 775
775,1007 784 5025 4012,4012 1
779,1006 4012 808
782,101 0 5019 4011,4011 646439264
786,7 4014 4011 4012,4012 1
790,1005 4012 801
801,101 1 784 784,784 5020
805,1105 1 775
775,1007 784 5025 4012,4012 1
779,1006 4012 808
782,101 0 5020 4011,4011 323219632
786,7 4014 4011 4012,4012 0
790,1005 4012 801
793,102 -1 4011 4011,4011 -323219632
797,1 4014 4011 4014,4014 253918734
801,101 1 784 784,784 5021
805,1105 1 775
775,1007 784 5025 4012,4012 1
779,1006 4012 808
782,101 0 5021 4011,4011 161609816
786,7 4014 4011 4012,4012 0
790,1005 4012 801
793,102 -1 4011 4011,4011 -161609816
797,1 4014 4011 4014,4014 92308918
801,101 1 784 784,784 5022
805,1105 1 775
775,1007 784 5025 4012,4012 1
779,1006 4012 808
782,101 0 5022 4011,4011 80804908
786,7 4014 4011 4012,4012 0
790,1005 4012 801
793,102 -1 4011 4011,4011 -80804908
797,1 4014 4011 4014,4014 11504010
801,101 1 784 784,784 5023
805,1105 1 775
775,1007 784 5025 4012,4012 1
779,1006 4012 808
782,101 0 5023 4011,4011 40402454
786,7 4014 4011 4012,4012 1
790,1005 4012 801
801,101 1 784 784,784 5024
805,1105 1 775
775,1007 784 5025 4012,4012 1
779,1006 4012 808
782,101 0 5024 4011,4011 20201227
786,7 4014 4011 4012,4012 1
790,1005 4012 801
801,101 1 784 784,784 5025
805,1105 1 775
775,1007 784 5025 4012,4012 0
779,1006 4012 808
808,101 1 4006 4006,4006 24
812,1105 1 733
733,1007 4006 25 4012,4012 1
737,1006 4012 815
740,101 5300 4006 746,746 5324
744,101 0 5324 4011,4011 1
748,7 4013 4011 4012,4012 0
752,1005 4012 808
755,102 -1 4011 4011,4011 -1
759,1 4013 4011 4013,4013 0
763,101 5200 4006 769,769 5224
767,2 4014 5224 4014,4014 80528070
771,1101 0 5000 784,784 5000
775,1007 784 5025 4012,4012 1
779,1006 4012 808
782,101 0 5000 4011,4011 338920348844032
786,7 4014 4011 4012,4012 1
790,1005 4012 801
801,101 1 784 784,784 5001
805,1105 1 775
775,1007 784 5025 4012,4012 1
779,1006 4012 808
782,101 0 5001 4011,4011 169460174422016
786,7 4014 4011 4012,4012 1
790,1005 4012 801
801,101 1 784 784,784 5002
805,1105 1 775
775,1007 784 5025 4012,4012 1
779,1006 4012 808
782,101 0 5002 4011,4011 84730087211008
786,7 4014 4011 4012,4012 1
790,1005 4012 801
801,101 1 784 784,784 5003
805,1105 1 775
775,1007 784 5025 4012,4012 1
779,1006 4012 808
782,101 0 5003 4011,4011 42365043605504
786,7 4014 4011 4012,4012 1
790,1005 4012 801
801,101 1 784 784,784 5004
805,1105 1 775
775,1007 784 5025 4012,4012 1
779,1006 4012 808
782,101 0 5004 4011,4011 21182521802752
786,7 4014 4011 4012,4012 1
790,1005 4012 801
801,101 1 784 784,784 5005
805,1105 1 775
775,1007 784 5025 4012,4012 1
779,1006 4012 808
782,101 0 5005 4011,4011 10591260901376
786,7 4014 4011 4012,4012 1
790,1005 4012 801
801,101 1 784 784,784 5006
805,1105 1 775
775,1007 784 5025 4012,4012 1
779,1006 4012 808
782,101 0 5006 4011,4011 5295630450688
786,7 4014 4011 4012,4012 1
790,1005 4012 801
801,101 1 784 784,784 5007
805,1105 1 775
775,1007 784 5025 4012,4012 1
779,1006 4012 808
782,101 0 5007 4011,4011 2647815225344
786,7 4014 4011 4012,4012 1
790,1005 4012 801
801,101 1 784 784,784 5008
805,1105 1 775
775,1007 784 5025 4012,4012 1
779,1006 4012 808
782,101 0 5008 4011,4011 1323907612672
786,7 4014 4011 4012,4012 1
790,1005 4012 801
801,101 1 784 784,784 5009
805,1105 1 775
775,1007 784 5025 4012,4012 1
779,1006 4012 808
782,101 0 5009 4011,4011 661953806336
786,7 4014 4011 4012,4012 1
790,1005 4012 801
801,101 1 784 784,784 5010
805,1105 1 775
775,1007 784 5025 4012,4012 1
779,1006 4012 808
782,101 0 5010 4011,4011 330976903168
786,7 4014 4011 4012,4012 1
790,1005 4012 801
801,101 1 784 784,784 5011
805,1105 1 775
775,1007 784 5025 4012,4012 1
779,1006 4012 808
782,101 0 5011 4011,4011 165488451584
786,7 4014 4011 4012,4012 1
790,1005 4012 801
801,101 1 784 784,784 5012
805,1105 1 775
775,1007 784 5025 4012,4012 1
779,1006 4012 808
782,101 0 5012 4011,4011 82744225792
786,7 4014 4011 4012,4012 1
790,1005 4012 801
801,101 1 784 784,784 5013
805,1105 1 775
775,1007 784 5025 4012,4012 1
779,1006 4012 808
782,101 0 5013 4011,4011 41372112896
786,7 4014 4011 4012,4012 1
790,1005 4012 801
801,101 1 784 784,784 5014
805,1105 1 775
775,1007 784 5025 4012,4012 1
779,1006 4012 808
782,101 0 5014 4011,4011 20686056448
786,7 4014 4011 4012,4012 1
790,1005 4012 801
801,101 1 784 784,784 5015
805,1105 1 775
775,1007 784 5025 4012,4012 1
779,1006 4012 808
782,101 0 5015 4011,4011 10343028224
786,7 4014 4011 4012,4012 1
790,1005 4012 801
801,101 1 784 784,784 5016
805,1105 1 775
775,1007 784 5025 4012,4012 1
779,1006 4012 808
782,101 0 5016 4011,4011 5171514112
786,7 4014 4011 4012,4012 1
790,1005 4012 801
801,101 1 784 784,784 5017
805,1105 1 775
775,1007 784 5025 4012,4012 1
779,1006 4012 808
782,101 0 5017 4011,4011 2585757056
786,7 4014 4011 4012,4012 1
790,1005 4012 801
801,101 1 784 784,784 5018
805,1105 1 775
775,1007 784 5025 4012,4012 1
779,1006 4012 808
782,101 0 5018 4011,4011 1292878528
786,7 4014 4011 4012,4012 1
790,1005 4012 801
801,101 1 784 784,784 5019
805,1105 1 775
775,1007 784 5025 4012,4012 1
779,1006 4012 808
782,101 0 5019 4011,4011 646439264
786,7 4014 4011 4012,4012 1
790,1005 4012 801
801,101 1 784 784,784 5020
805,1105 1 775
775,1007 784 5025 4012,4012 1
779,1006 4012 808
782,101 0 5020 4011,4011 323219632
786,7 4014 4011 4012,4012 1
790,1005 4012 801
801,101 1 784 784,784 5021
805,1105 1 775
775,1007 784 5025 4012,4012 1
779,1006 4012 808
782,101 0 5021 4011,4011 161609816
786,7 4014 4011 4012,4012 1
790,1005 4012 801
801,101 1 784 784,784 5022
805,1105 1 775
775,1007 784 5025 4012,4012 1
779,1006 4012 808
782,101 0 5022 4011,4011 80804908
786,7 4014 4011 4012,4012 1
790,1005 4012 801
801,101 1 784 784,784 5023
805,1105 1 775
775,1007 784 5025 4012,4012 1
779,1006 4012 808
782,101 0 5023 4011,4011 40402454
786,7 4014 4011 4012,4012 0
790,1005 4012 801
793,102 -1 4011 4011,4011 -40402454
797,1 4014 4011 4014,4014 40125616
801,101 1 784 784,784 5024
805,1105 1 775
775,1007 784 5025 4012,4012 1
779,1006 4012 808
782,101 0 5024 4011,4011 20201227
786,7 4014 4011 4012,4012 0
790,1005 4012 801
793,102 -1 4011 4011,4011 -20201227
797,1 4014 4011 4014,4014 19924389
801,101 1 784 784,784 5025
805,1105 1 775
775,1007 784 5025 4012,4012 0
779,1006 4012 808
808,101 1 4006 4006,4006 25
812,1105 1 733
733,1007 4006 25 4012,4012 0
737,1006 4012 815
815,4 4014
817,99